sesion_7_reto_final/modelo_futuro2040.asc
NCOLS 708 
NROWS 329 
XLLCORNER -7.525 
YLLCORNER 35.991667 
CELLSIZE 0.008333 
NODATA_value -9999 
[rows 60 to 79 of 329, columns 264 to 307 of 708]
0.512976268030163 0.454776079884007 0.293059120937194 0.293059120937194 0.238281687043077 0.242066975982259 0.409236345028641 0.448065383807237 0.380676082147857 0.381765971238773 0.438619601975539 0.463489702437786 0.557876171957073 0.505295357540495 0.37281034044908 0.44388499965285 0.620076518582445 0.608257672541267 0.54369950327204 0.486429262149053 0.529022178512153 0.530891212676434 0.529179835550414 0.438006672575312 0.404290353820095 0.474262167396809 0.469353473249102 0.433602928587384 0.498587014834581 0.585157144478859 0.49798168279578 0.565728782609527 0.439954122963368 0.417084732290014 0.410954473426779 0.408183073383061 0.416798771245012 0.49719946926109 0.464718591872121 0.386499784909653 0.312972689683079 0.432983856580604 0.38256140899118 0.48758484574278
0.540353731987501 0.544129201193238 0.388109049427732 0.475061186752238 0.527964336807601 0.324476090648897 0.35462638790623 0.33193378059633 0.332485203409858 0.423210524910616 0.458638220791851 0.494410176808248 0.514115766577523 0.549562588783952 0.386624065121611 0.547491813773484 0.550460556762126 0.603293641595914 0.585692681586227 0.672868822884809 0.518427520847501 0.513616238249925 0.482229647853135 0.458230169040507 0.448896423366531 0.484424563784256 0.479103829309299 0.543817370587302 0.401181376571966 0.423581514416298 0.468379505075475 0.501358649693474 0.468795943303989 0.435742403904521 0.410130559246085 0.51478689125157 0.435479967085974 0.432838642936786 0.394298936821063 0.319088558753898 0.310430376814103 0.359922877380358 0.388234006646626 0.387984359890415
0.497407587529005 0.492532409498907 0.313438328042677 0.56176087914935 0.560019635850114 0.493420219112124 0.490216732301383 0.474993406560149 0.407426808395619 0.364325805070044 0.367127071286979 0.514221632946193 0.526822760863431 0.53659224324882 0.412297007041386 0.401306811713679 0.573901929830477 0.603150712981581 0.716759642790402 0.715663070768736 0.568950003648054 0.536071303566544 0.52704830191012 0.578009215776932 0.542286765400641 0.588322995597249 0.500883330891737 0.485843471444706 0.560876214375208 0.437695824741423 0.403294122518581 0.453704465345074 0.502599002102682 0.411646878456667 0.422986070452312 0.444884629754734 0.505327639742035 0.42084689829172 0.388336154729534 0.37022854101365 0.296221453110029 0.35512090137453 0.382613199660772 0.466636279903298
0.519241164810521 0.369586015730349 0.374409403090855 0.440834321494877 0.51815356074909 0.51129646062378 0.511956034835463 0.564184134298342 0.521548733857398 0.525242546220327 0.527321028092461 0.417460665961148 0.43479370466264 0.506322375129806 0.519048495740907 0.4550935399548 0.462198001806837 0.567217553798869 0.666644393090475 0.684389472119216 0.607783031002555 0.651576100726504 0.625855425054412 0.586017815396195 0.5084083917059 0.489622929226349 0.541311197496933 0.495061531016568 0.482928804155142 0.488787153134278 0.440080480572137 0.377489504974194 0.37797618058199 0.401691644747589 0.406552432985271 0.370644231285291 0.457703321566852 0.393818431002319 0.387379713151018 0.371544719108126 0.302516390573788 0.361476597468116 0.457876801653805 0.460777079150953
0.377262459977382 0.520538216579805 0.462646487421715 0.537110384759914 0.454483367566885 0.387333379788575 0.610934519511028 0.527967812241809 0.546103520243122 0.573490124318402 0.525574701592557 0.626104454852589 0.5268985865487 0.529078364730532 0.543763224194378 0.621669002109809 0.653159173845782 0.625450744920937 0.650550784331136 0.686890837982962 0.587465363606262 0.606737397877272 0.657606149868426 0.623032234341101 0.587808564335537 0.562128087711803 0.543663188983248 0.473106436475398 0.491935130989665 0.457191966802845 0.438879475438078 0.409652103641652 0.387133142892511 0.316213855697517 0.379589294384668 0.341908105155633 0.299137892287382 0.29595284650243 0.382085639705214 0.333376854271295 0.389507700663259 0.380445013100174 0.39990290251121 0.46518842618421
0.339572815929809 0.522056820819873 0.519516792980382 0.505482367610277 0.597193996862767 0.467917716256565 0.39456511936396 0.550990289894454 0.576743116769249 0.559632482311751 0.590549819879518 0.625532811089105 0.620679044413685 0.713135382507351 0.64258337221618 0.618762041681912 0.654157073218748 0.69126576691109 0.788470857084717 0.721095432076056 0.648057297486765 0.676998882748371 0.614457412790534 0.581992524924062 0.63983914634331 0.67608778607635 0.636683461626256 0.613646594181196 0.521426026193021 0.43161152539024 0.398151023180287 0.369994414149585 0.239577887039151 0.207798382640305 0.300377496739718 0.299220575413584 0.336231005782586 0.36764289229362 0.384670436652033 0.409285640683595 0.349657404759046 0.401068445129688 0.502208094803589 0.490284815650017
0.529563503265714 0.521953239480689 0.545467475941797 0.609609034824803 0.608658015078469 0.534637389155642 0.566705713075665 0.576816318793519 0.600339861846376 0.608948538146064 0.613875506845755 0.642905535697258 0.661573027045209 0.674195566317125 0.747765145621543 0.666853395998002 0.622985352361993 0.6930615990511 0.73836235865691 0.718438353219546 0.780713162967757 0.759402062441132 0.761409793792286 0.671376025548207 0.562312231269032 0.566221661128867 0.602995062646284 0.531850512731123 0.601353925252023 0.518459568233866 0.494079108024403 0.463064192432699 0.325232459452677 0.244440960306319 0.335106784275819 0.335854185119364 0.324319249908877 0.183302643301611 0.388719248998147 0.463939446798756 0.478437190024007 0.420357424512742 0.443235783146331 0.454855173370808
0.537230640921 0.539523820175461 0.548424114167509 0.553673931647681 0.556773837119237 0.650408742708891 0.604727512495469 0.614576879835878 0.62873401287036 0.634380801269864 0.674100101164967 0.704003036695574 0.79636738507129 0.740612950017189 0.811146006140875 0.768675630968347 0.678583902265622 0.640124419736432 0.717192240346644 0.733475075863881 0.731445420016351 0.710360608493286 0.701739827430667 0.735295352344927 0.722857131140424 0.615193969969717 0.53355240875521 0.510165111385937 0.48783503876318 0.535368628318982 0.52291533770656 0.494808234315964 0.460891435813129 0.3234808832783 0.406584002704906 0.508662054220516 0.474998959391167 0.404268560322558 0.289099055337522 0.410513140373001 0.418912368964836 0.481985450111604 0.480059375603258 0.515016385399195
0.557393040124855 0.631713670217209 0.62575088812568 0.553518559638905 0.569542441808182 0.641915752511317 0.609706271864751 0.701437027442434 0.696655611018074 0.771609320766766 0.768817874283275 0.713598020746995 0.719094686812196 0.802682882116518 0.816218527115896 0.73909274604704 0.753923157786217 0.779228994959877 0.668789115729609 0.816927945599199 0.741850094929855 0.728420316299146 0.688512641419354 0.676843745554771 0.662634821850697 0.596964500362666 0.592183597080003 0.578875674340461 0.631618882328077 0.548179203944074 0.572912206949528 0.617508118131006 0.507783149910067 0.368553068851063 0.409392124010299 0.407513949728075 0.529534966532436 0.505246155056934 0.486828476939 0.448484000896422 0.377630894163436 0.298673479807474 0.352200402927426 0.418623036301962
0.564240833658418 0.557821755274006 0.684586954099355 0.612497892858426 0.638062683380046 0.64593943521699 0.729875095800538 0.754081224149837 0.760625808369807 0.766590875490822 0.764829992724696 0.715942990671047 0.720702482599031 0.805912863482605 0.808765920369132 0.813069116004234 0.744734964387572 0.861335820427502 0.806487636012405 0.732979667111024 0.725411374262146 0.851691330735975 0.697454906347549 0.689521793782041 0.660322516271043 0.595048245587764 0.624047043351144 0.502050817555711 0.583802643040151 0.558765065806198 0.630850990244433 0.616632246806914 0.53605019536841 0.580688757101537 0.551475261955831 0.452508368901499 0.409820839159451 0.324090266550472 0.448788575124921 0.508153287642539 0.501835505567826 0.320862570213871 0.386717791252382 0.371171616730666
0.565601780860224 0.55071729342197 0.677576253853058 0.62526649754737 0.645944005275961 0.737092958725203 0.738856126520814 0.752793992113998 0.750981318678281 0.767059276546635 0.785157070529075 0.802320347429374 0.796305774668254 0.786562273696514 0.792537160550973 0.798968343698315 0.807209915251889 0.758480057094805 0.854584073529164 0.786149305218306 0.780708999881668 0.695489312406347 0.639468902442023 0.681122565190206 0.667690501530011 0.616568793822243 0.697388387254028 0.681157342406384 0.525562255845637 0.554078775902484 0.583658010879399 0.563505431408989 0.612305693419162 0.67776571542613 0.683777151384556 0.640366837297706 0.456606686887719 0.455206053779251 0.441981152797424 0.414590150820879 0.512831122727714 0.523410129501382 0.382332425632775 0.463535965106383
0.634823395422211 0.641683293718704 0.622156772342369 0.693974775472409 0.704438096143962 0.713819062428558 0.730454612899493 0.667297076738734 0.765557347128469 0.78422483847642 0.792039979910328 0.74556749986061 0.818381630475827 0.793871613197433 0.78937564467638 0.788142488339619 0.789789970033115 0.80653892157668 0.824313866778637 0.832442037259582 0.754209692277907 0.766179512426598 0.695604998508461 0.613798245551733 0.688266712948905 0.673638893829124 0.603395683510007 0.542229037404696 0.541273108967877 0.606900094604855 0.615727186572632 0.606428556746346 0.659279916132118 0.748861272842882 0.637424927495923 0.622281486709709 0.680482187997562 0.590123119469709 0.467703600357305 0.461583161227515 0.460441481467007 0.419867549444783 0.518638532810467 0.365699498822838
0.664523904807226 0.648516697459851 0.681072210129367 0.692825561007941 0.627966467454607 0.569733614964052 0.732431798461929 0.752236399511417 0.763592266328964 0.785258366838773 0.792567706339692 0.819876025190034 0.824808243564197 0.826731353427556 0.794754339609981 0.781131788093321 0.791047335895738 0.779067696013602 0.792808218661863 0.830589677917204 0.741820297098008 0.745346632689231 0.837667645213894 0.643548260576855 0.641156070042182 0.683918748206473 0.71722970956519 0.581712567194307 0.707573115110733 0.708762015481861 0.660389783321436 0.66141577697983 0.732299263027729 0.710842610225773 0.735495389644695 0.721093693054669 0.585150120564121 0.597862025892989 0.637521487272845 0.475578239322472 0.457737113658506 0.453172679645959 0.438485535152627 0.442167242752626
0.602557554047081 0.671524785320079 0.701340642175696 0.692748640697909 0.698386122505665 0.699017430274213 0.640713147647177 0.746858384193317 0.771377541589655 0.775979376479377 0.776035057592438 0.79158139858796 0.8247069472545 0.819987141233177 0.840109341388673 0.789738179363523 0.716065531861619 0.708078343597033 0.799084029800429 0.81804559034403 0.829742067352345 0.736942834038424 0.731036412675459 0.710549731434846 0.71070053338465 0.64798770189554 0.616502951991747 0.579810868685627 0.674114316447199 0.655300759682221 0.740654407811639 0.726176711026161 0.677764792959075 0.660379963587991 0.725559620892322 0.720225861539855 0.715554881543137 0.698601731966193 0.649838019059987 0.587560585650777 0.410055173656191 0.481851765431552 0.502084229856982 0.459695339369554
0.664620803215661 0.618931866140571 0.707868210589776 0.718759907778967 0.707416145724352 0.639435735344782 0.71606959113137 0.723938808264355 0.666120281130535 0.668507221990736 0.756972880354641 0.703766007843989 0.72277867944168 0.816373899124672 0.832423077408195 0.812070703489571 0.761725689351876 0.713626800331827 0.795553124150236 0.748612243044704 0.745252871083492 0.817776817262626 0.597023484752227 0.760459355529019 0.770819094861388 0.706352402168414 0.678443493495951 0.621217508338597 0.638277203899712 0.610490151118416 0.614329515756675 0.742316279297552 0.741120523837967 0.688025521011231 0.755071927450357 0.692583099935321 0.751178487113019 0.727120196068537 0.582102344393669 0.525384959340486 0.575948902287966 0.600844812006155 0.542836717130449 0.505963280401903
0.727728833736314 0.629525262706655 0.681218780651712 0.693161019656672 0.703816946740371 0.715985136117378 0.714047469987799 0.646125871840084 0.723028500708075 0.727997440343913 0.744630705785363 0.684373447121751 0.777497301103943 0.786412151362212 0.829323171936638 0.827930073532129 0.764667937785171 0.745963045560044 0.782900205563405 0.730918954685555 0.801286819067022 0.736158952432283 0.796939367466287 0.824925535080296 0.695901186259791 0.690653653809105 0.702882427305755 0.782157607241531 0.77846007659284 0.644301083252581 0.658052858890563 0.640986480398698 0.6946053932366 0.759799440333346 0.776411807561814 0.703124705831813 0.766960090756239 0.699454764363232 0.615461550293923 0.546752420595675 0.552710632628232 0.605967177252796 0.68085208287848 0.639456355231242
0.648702787415053 0.661002991048185 0.664415925566779 0.683123102821391 0.681473336098408 0.736078556688043 0.722922121197709 0.727166504600956 0.721307303848611 0.708539550932876 0.734974963104115 0.694330965860315 0.76157700027385 0.790197440301394 0.810522233076286 0.828852485851339 0.799158831554781 0.759279423118125 0.788389336924648 0.824570535097111 0.812136883951579 0.807254171217522 0.744831524164494 0.748606993370231 0.758606483044943 0.772431460707195 0.779736230149142 0.786779081598143 0.797037524620814 0.59307368133385 0.815111960850602 0.75887981814894 0.656906781228791 0.792885303093225 0.682207543238162 0.78040654420885 0.70693826121413 0.672393291745443 0.684690358575879 0.665149960548824 0.66222318849633 0.613514230904703 0.692885970617401 0.672916857441194
0.663782845910442 0.734710587923974 0.724588729216399 0.725789221208761 0.701253727622035 0.735398761526403 0.760814696496192 0.728275520017065 0.731679147943911 0.716698613870432 0.718339412633179 0.763036958755868 0.777652673112718 0.784712878999123 0.807913739745302 0.814034178875093 0.776852455316189 0.755205314657766 0.792134939957168 0.793937793659441 0.801868621195463 0.798377573609638 0.756904925652368 0.75440458371954 0.771360697941471 0.773432324725148 0.857170642363773 0.804560881888558 0.737489345808992 0.844531939059175 0.860373954664329 0.779458314597319 0.7249001481445 0.687895035791342 0.75129782080705 0.737211604767352 0.812430950794753 0.785687079635448 0.740798698988402 0.636462245434509 0.617210666928631 0.59317150220934 0.571017874318525 0.613683140932686
0.736680918397953 0.717289209448925 0.714475838469059 0.743745181201632 0.753780638497243 0.707268300383156 0.677890639778623 0.736859986790893 0.725921243501264 0.734623681406692 0.746495169890672 0.750228668160262 0.77356645988943 0.787667232195348 0.790720596671786 0.819641281367935 0.797656902136615 0.757580150755036 0.77994585236718 0.786572093429959 0.781004849001485 0.806200249747505 0.808728172824065 0.812162352223532 0.764786247548284 0.836439058936104 0.86505653431866 0.888126232581925 0.844628665309901 0.865683097518053 0.87107618224407 0.854929931041929 0.862303165975371 0.738682641728908 0.667705394075269 0.720016002154166 0.722424867510742 0.718740874881258 0.703688910671297 0.748051677760757 0.785507498100812 0.701222327707631 0.738214996666345 0.571229093914168
0.739583480924587 0.716978465431373 0.564338583840062 0.640721020982648 0.766351048468055 0.73757625467875 0.774905649068666 0.719179654967884 0.714493026432657 0.715959326861436 0.753286602695672 0.747794506689442 0.759315565249208 0.788061918085194 0.791075596654971 0.786569808400473 0.79647325143996 0.766393704703607 0.773526773982768 0.79353328803615 0.816131620598614 0.835650773744796 0.817916366222709 0.812566857846823 0.775251853249323 0.769507825457396 0.789563845150884 0.888066907208374 0.91005357146918 0.872582681721207 0.873630599875976 0.883679595190794 0.854057024362826 0.864791403145269 0.821589103509996 0.734025297883832 0.70291078952885 0.718578819941732 0.715606940150395 0.696214379428157 0.757690917777811 0.718757959028518 0.758334911792356 0.745364394099517
