sesion_7_reto_final/modelo_futuro2050.asc
NCOLS 708 
NROWS 329 
XLLCORNER -7.525 
YLLCORNER 35.991667 
CELLSIZE 0.008333 
NODATA_value -9999 
[rows 80 to 99 of 329, columns 440 to 483 of 708]
0.0568202710710453 0.286828897556676 0.201844805676663 0.116811208156543 0.11540829001859 0.085363859129927 0.17541590192599 0.206745279821006 0.1931815405362 0.151014202519556 0.0878870456737102 0.141357608065099 0.140319509643774 0.0784894045672124 0.13669416277234 0.133426780529077 0.129629386826964 0.138859551161756 0.13817416769413 0.139730172811374 0.0206695125184866 0.0162086598451237 0.136554267144364 0.129398014622736 0.130017217628353 0.144290036764949 0.141498590281458 0.0819075887602796 0.12333124421914 0.0933208425897828 0.0680279619522621 0.00221522499159488 0.0548790611658876 0.010501565652498 0.0377228058278505 0.160337382855691 0.107569965342215 0.08987439195358 0.143370935758618 0.156127435684632 0.142362703510511 0.130849179654703 0.130271947585233 0.0654708144905434
0.193507187487864 0.194427314777588 0.134513464475928 0.100111762253086 0.0235953644564015 0.157732433300286 0.183409773121325 0.1951304596555 0.167034947886138 0.144634810041806 0.081509938225446 0.119681687821845 0.0716461810926208 0.0979990846478409 0.120347431822581 0.130822857257064 0.125676621116076 0.125094818987634 -0.0242594058084309 0.0178584265681064 0.118538130004733 0.127612922330749 0.107633989421098 0.139379977702336 0.146183515270266 0.112735969596454 0.07483214130825 0.0559163681189935 0.039384398987242 0.0989058484285424 0.0880403071631841 0.0194780946551732 0.0799737470852757 0.0728389059183252 0.0839335343584263 0.0945004363691633 0.0397086126826302 0.0478413532225466 0.0428840052079427 0.0465558930744964 0.114291739898522 0.104840023092947 0.0859037586635913 0.0835610737690243
0.185882533910422 0.100279239024792 0.128136357027663 0.14374277703751 0.00202302555233109 0.145713107511489 0.146169403804371 0.140359708692133 0.130322304998549 0.122648145781 0.0564509496368147 0.0501256328581424 0.0874718685437653 0.11567941647085 0.0568951411667669 -0.029018897736415 0.0129953533009384 0.00686509443770351 0.123775842721975 0.11007272095089 0.103318689023066 0.123127008358316 0.128571883753926 0.121827671559546 0.110003403686187 0.0782298342612182 0.0231095051468471 0.0687206701386948 0.0715438608520054 -0.0185875537573806 0.0648998583789398 -0.0554854348269625 0.0680360781392876 0.107015918867688 0.0689753317542047 0.0826145580927673 0.155802815016362 0.115791897428899 0.0988968804683073 0.115946756295978 0.073186363161172 0.133606015395822 0.121256306122584 0.0501344263081936
0.190997538963288 0.182948740295665 0.174493150975267 0.16424629957383 0.100796293947502 0.0173825969771482 0.102921996430256 0.103585455401507 0.163426103678897 0.110826162937127 0.0954657397391001 0.0942441750235723 -0.034752592653201 -0.0297341473772573 -0.0197369427320314 0.0417725985935343 0.179640880677523 0.17277344767707 0.133843112588776 0.139275031448246 0.121577173030125 0.108756777671589 0.0707318414490899 0.0648422613818314 0.0648025754751699 0.045018465665781 -0.0180890517131756 -0.0038559184832409 0.0140441939227631 0.0291600535652462 -0.0770400123207465 0.0761816713990064 0.0937713784189716 0.0752265947353971 0.130889891844758 0.082489565398905 0.157120426367114 0.182117804552709 0.194977885817907 0.211147320262515 0.243444218215584 0.184659942911501 0.255088904554307 0.159716127283287
0.118002054925645 0.0186162664556064 0.167598136831084 0.153514205820872 0.137737172236624 0.0879362126823036 0.060079094679432 0.077606339523151 0.0716649687863007 0.0318701818374411 0.0392335970374376 0.0176919760797935 0.174543063588256 0.16533819536771 0.179907368729441 0.0372875363943105 0.124008301514588 0.186605446901585 0.156485528959166 0.122142300336665 0.0952608185788715 0.0596031837496834 0.0125057402306542 -0.0213994666509469 -0.00576045063807122 -0.01558475667941 -0.0601657649267753 -0.0486722875107395 -0.016228810998946 -0.0942792894164987 0.0750157821126375 0.0741969511326113 0.107819508282089 0.119466992791994 0.117914124477446 0.0746479294096507 0.0913473753131085 0.108044536187081 0.153785602563275 0.16668765476462 0.180324596073697 0.20661674099909 0.218120445121453 0.190219991267528
0.116342468469218 -0.0353325167250397 0.140185723499861 0.111499954783519 0.109444317522339 0.11120748531795 0.0363506739776933 0.135754736999715 -0.00459789749460485 0.00940386353110127 0.0732462700177896 0.153326404282872 0.165491282347 0.202462878582549 0.174231121129603 0.0901418604250693 -0.00100760616586877 0.161297324698438 0.122405823743596 0.0736916164774965 0.0771554898924728 -0.00647706519381977 -0.126084682057601 -0.201755858135251 -0.117304879041815 -0.0539699425595667 -0.0938334298150951 -0.0873985967233614 -0.0445551818308402 -0.156041614300971 0.0402064374638094 0.069836542995737 0.0825510719856038 0.107214009769483 0.0971042558248381 0.122732941778981 0.0832025300102616 0.177082684454863 0.192433287919445 0.22396314556208 0.246928582870659 0.276954226065642 0.194416572577088 0.237383615248565
0.179655376638753 -0.0366630846119325 -0.0761350227803101 0.102909553035813 0.100783850553058 0.131077415056236 0.0912522487924632 -0.058572662088901 0.0861251389766675 0.126474381725413 0.145445082386956 0.182325202046252 0.182559945868351 0.188355251188173 0.169158600154582 0.160130348823685 0.0566341376044967 0.125414765780596 0.0683227412773397 0.0330990712717762 0.0172627123139776 -0.0264758723855352 -0.113724467751515 -0.294328185487577 -0.323993475208564 -0.139064637341026 -0.119169646303669 -0.112095050624849 -0.14597519620738 -0.0664611093634168 0.024742432926599 0.0557213808974022 0.0386107464399044 0.0740817781721937 0.0749720392887011 0.118390060237218 0.0890859402884673 0.116041544185111 0.210597262363893 0.229462096656767 0.255431392801678 0.278340469381694 0.225419964888927 0.192763155909713
0.109515234517123 0.0932020196849732 0.0118408231731043 -0.0955602478469473 0.11222188735511 0.0517901303575302 0.0863556594076864 0.0201257989191013 0.072527883574252 0.124296888573066 0.119306024440853 0.164017960355959 0.125310777468529 0.139312538494235 0.11265032417774 0.118240751848681 0.0342055668432243 0.0519917650349029 0.0521159059555558 0.0229487796472603 -0.00696169058730539 -0.11204513801186 -0.270111620446798 -0.261940965888009 -0.210534495576338 -0.209398985604883 -0.274869747459876 -0.246630455302971 -0.0867209201174026 0.00874613190105311 -0.000370631361110065 0.0116188282544699 0.0110687703558481 -0.0223505088748287 0.0076970588165295 0.0506587834721634 0.0876577260362685 0.117888246880134 0.13653381373171 0.166954142816539 0.179178346254218 0.112442170690947 0.1161140585575 0.132317009119717
0.144650460932791 0.134641151524635 0.132877983729023 0.0752260815937004 -0.125939119137326 -0.196121232195103 0.0051498349045932 -0.0807642039985888 0.0819322076114994 0.0226841013105746 0.0802110107520353 0.0736146358624731 0.0712817707013506 0.0454513439010213 0.0152095700674353 0.0358465401161557 0.0296644905833288 0.0648515076685882 0.0717152907246485 -0.0233771218437331 -0.0169276641444082 -0.109565355660501 -0.125862580970153 -0.122388036048523 0.0117588525288061 -0.045706446509618 -0.0746413488404753 -0.152536455249252 -0.171328087517856 -0.157462910807246 -0.066207577847638 -0.057214442364431 -0.0461054241319139 0.00806034146054485 0.0408078790591404 0.0914017919961751 0.179517124252206 0.171743372271378 0.0445029856431293 0.0809293288542029 0.052888231415431 0.200560945258694 0.220774621990444 0.225275160570468
0.13384990168834 0.124205411996812 0.12042012305763 0.0740326111636004 0.0175933057835701 -0.00589528789540164 0.0496612910720802 -0.098800387577992 -0.0559887169152907 0.00221375626035089 -0.000846463304544253 0.00190301224279933 -0.025622802161052 0.00259685052896316 0.0679738507782166 0.0817166584559631 -0.147887462406377 -0.136821780024913 -0.14539077041794 -0.0904677842484917 -0.096789216267597 0.0450859072263575 0.0345983770289435 -0.0238112588250656 -0.0605877971451773 0.0142690141950794 -0.0714677282029517 -0.14341300905634 -0.0783248283282627 -0.029498071762744 -0.117673545690567 -0.112623356184804 -0.105403208230652 -0.0976674386100678 -0.0356644349296185 0.0056894939391799 0.018730008512224 0.145669877829249 -0.001415377238216 -0.0122873666191485 0.145860772658598 0.145328476170263 0.110917805987185 0.13068204151451
0.133642739009972 0.0546661983288173 0.0469943241407549 0.0470247034556684 -0.0174535808585391 -0.0118747448088322 -0.0578456463166411 -0.0755077035876671 -0.0772708713832784 -0.0244096922640626 -0.036036617192499 -0.0521426693462814 0.0209205948834506 0.0543779602907075 0.0607238366508486 -0.0896684865665409 -0.146948547422972 -0.148257703955187 -0.00292014030253208 -0.00547227290495269 -0.0132103275550231 -0.0244229271267241 -0.0240603924395806 0.0291633213667786 0.00763066836936983 -0.0712087748549921 0.00235098471598071 -0.0156973036263529 -0.115984093060923 -0.103519549458781 -0.046964557976636 -0.0579998610431861 -0.0491719173021995 -0.0441338325593664 -0.029343106726851 0.00641514479653351 0.0184023193826278 -0.0380977446272295 0.0538728379732204 0.00364544829923393 -0.0699782067042612 0.0387976881683161 0.112925032233022 0.115711908657541
-0.0956720491894946 -0.102880092380715 -0.0976302749005431 -0.158165613237307 -0.158497768609537 -0.15665243082942 -0.16811187898615 -0.0939329164095603 -0.0274516372769745 -0.0511586466240348 0.0270127675701054 -0.0477876830415881 0.0372856003851927 0.0904575235219601 0.0826158875327057 0.144603649647529 0.0418165182801306 -0.148388866438102 -0.10535175854505 -0.108322786563177 0.0327633721239681 -0.0334361090497034 -0.0616557617397184 -0.0177261077006732 -0.0764464875722339 0.0238287102411024 0.00863347878529627 -0.0265231589850496 -0.245246835647918 -0.293214049043356 -0.230065819474344 -0.217454871823661 -0.25722544924666 -0.220293538917773 -0.0881589517505699 -0.19667486934427 -0.0473229295776908 -0.0224688186379415 -0.0162051122623058 0.00101224033707129 -0.129038615283524 0.0230011896273628 0.0566567497527523 0.0657712279854297
0.0797189133120581 0.0930991863026611 0.0799778666600178 0.0203556340507159 -0.0398171695989046 -0.116064794314184 -0.203918784376432 -0.204747435089903 -0.195992693373186 -0.199464953265331 -0.0499697462529062 -0.104179767810998 0.0389406167826487 0.0674710134902153 0.0706348143942943 0.0992170017714529 0.0378498759185228 0.0476025170082052 -0.0414967341537341 -0.198847966947829 -0.188978040025951 -0.204599701601424 -0.205637800022748 -0.209122164677823 -0.157609827997483 -0.149159660509266 -0.159672486820925 -0.193339299936035 -0.228840197841542 -0.299195957460077 -0.321858185455064 -0.184431809871542 -0.185509594199528 -0.350336278351342 -0.321431242193701 -0.297617514704762 -0.287855053881635 -0.289203896320511 -0.261658955591467 -0.19174790064458 -0.172404845562448 -0.0229545741311582 0.0223247741199724 0.0514302900252313
0.0430505263901018 0.0280982587597578 0.0194895824600693 0.0163257815559902 -0.0466482883105657 -0.0251728478149296 -0.05645272006984 -0.0708496801270888 -0.0746023047218717 -0.0733029679231021 -0.0403657942412501 -0.03248675737482 -0.160308329173476 -0.135115379930748 0.0665700125256836 0.0668289658736433 0.0463344112975587 0.029780517669432 0.0176683503894756 -0.0776312248572738 -0.17205035872096 -0.175869163777751 -0.188844931145064 -0.202980652824867 -0.219327383774626 -0.197849658249505 -0.146337321569164 -0.178686523333522 -0.252550343991297 -0.235966071048257 -0.305576201711037 -0.263607058412526 -0.261883576523576 -0.223937264157528 -0.223096508681127 -0.219143742970239 -0.267065848626834 -0.255749667715949 -0.334495349334572 -0.140650741094185 -0.0731145222445681 -0.0660100603925312 -0.0137672325057234 2.73658416150152e-05
0.0138254396231616 -0.000487065420096123 -0.00712541124580569 -0.00555958639511742 -0.00436611596501737 -0.0978927036827109 -0.0393276958199258 -0.0428022407415564 -0.0879285020133971 -0.0145004180670358 0.00207175011307397 0.0138419422873558 0.0393670469023144 0.0227925936927189 -0.111134175670102 -0.0177531402277397 0.0255055201360962 -0.0280991067257274 -0.0341570153379017 0.00557302440522603 -0.0155453032354474 0.0086202874339813 -0.0683653631917255 -0.196500815810629 -0.25325086520821 -0.0248835506270244 -0.231962027809473 -0.154130303691522 -0.171895942301732 -0.211732700186739 -0.215207245108369 -0.224957601168566 -0.199487424025895 -0.169598365146007 -0.176495664319677 -0.198272029099419 -0.142651554699415 -0.216147418837866 -0.18903592979075 -0.110007598440004 -0.0937126581598366 -0.103076783148726 -0.0643481889066181 -0.0366982335821142
0.0589980697324132 0.00824346677075954 -0.00665929521947835 -0.0121559612846798 -0.0172383019931458 -0.0824416556816403 -0.0364800607655795 -0.0654247828298815 -0.114074242890249 -0.0670204738537865 -0.010115052447429 0.000981861022157782 0.0281665520935438 -0.0357724141700661 0.032516220382394 -0.0657635856578931 -0.058209101118364 -0.105173097124992 0.0106651848471368 -0.0665374481903823 -0.0587133387962394 -0.0694598223416131 -0.0572805544850691 -0.0997967226958445 -0.052338448036091 -0.06749170855575 -0.128650819957103 -0.087924652728798 -0.131142193929696 -0.13243924569898 -0.133684506798672 -0.151224708178531 -0.148258250219375 -0.115525954186405 -0.115516134452961 -0.107156591767787 -0.143930845058413 -0.190908613899423 -0.190699166191569 -0.190613859404369 -0.0777017325266996 -0.100113975133962 -0.0746620725432732 -0.0777405666601515
0.0112375058736466 0.00694641500147564 -0.00254270268127566 -0.0362590214364923 -0.0489044053193637 -0.0582783500416973 -0.103839496251742 -0.0484360042635506 -0.0425183299108642 -0.234761825295165 -0.0218357389816046 -0.0381914378915988 -0.0824341209776813 0.0275092629113462 0.048316846534468 0.0489901252391631 0.0335779113715446 -0.0707469505611146 -0.0706800221422347 -0.00895874807932971 -0.0448182959124125 -0.0588298766715632 -0.05370556502695 -0.0594969855872056 -0.064123030002789 -0.181856259211479 -0.0900410486198046 -0.102054204619549 -0.138258760544663 -0.140189405111981 -0.155966438696229 -0.161776133808467 -0.167894287908772 -0.15745854838095 -0.131832999229503 -0.147180465891389 -0.179848866491837 -0.198875755724236 -0.177084149378868 -0.285647459740896 -0.166391741532572 -0.12867315142636 -0.117455981795688 -0.129374011274787
-0.0029173421313496 0.00575522960086131 -0.0453124024078297 -0.0336154122578183 -0.0970038074811096 -0.0522333979656631 -0.17766134597337 -0.121066668584564 -0.23502306367261 -0.239947747342815 -0.0854434016461941 -0.0853519250699406 -0.0153792597200173 0.00368343065947644 0.0348056458761251 0.0292053984717398 0.0262510452755143 -0.00830602895610353 -0.163022959163273 -0.171173054140593 -0.123100998307403 -0.12196913828034 -0.0836397316456796 -0.101706807681693 -0.118470149017673 -0.175385390157475 -0.104140221195642 -0.111513456129083 -0.158464495599572 -0.169262769814537 -0.181150933120419 -0.176172173751137 -0.185922529811333 -0.161073840703765 -0.180413758983202 -0.170394629841601 -0.237345909760081 -0.132293693423649 -0.194584664852065 -0.231523258111702 -0.103752625209428 -0.10406336922698 -0.0668604007872021 -0.0663821799979444
0.00220468448377802 -0.00613064867553482 -0.0297386467423827 -0.135223462987533 -0.130807718053013 -0.10939777271998 -0.126824573027211 -0.118008734049154 -0.13626190004037 -0.284773084330548 -0.0788599832927717 -0.0749314271077442 -0.0618123924945866 -0.0298074508653893 -0.0289788001519184 -0.0384259468985224 -0.0504573774502496 -0.0838209812517675 -0.098962137008496 -0.263208383946775 -0.207404956394264 -0.281746997841296 -0.292387615018001 -0.31053017810777 -0.241015173965636 -0.171426454657534 -0.193383252745123 -0.189306346113582 -0.175152349881796 -0.179988693778442 -0.192976565908685 -0.202583654723036 -0.243727284110771 -0.217340864437943 -0.197093158446887 -0.239767731652796 -0.159253460406381 -0.149845999566438 -0.129102311375839 -0.189889068356603 -0.16093892446012 -0.104955915372973 -0.10448751431716 -0.0713333582234955
0.0159139760439156 -0.00910167669366216 -0.0488371382689709 -0.0434912741535738 -0.0578037791968315 -0.071070651114806 -0.184829703257929 -0.146179732872273 -0.0880504617209019 -0.313544159834092 -0.0955174582600823 -0.0528299285180336 -0.0573546766239188 -0.0534756260789976 -0.0492242211134881 -0.0663500971366117 -0.0652579230162098 -0.0848576464168156 -0.127919815608938 -0.134673847536762 -0.199682143309819 -0.205605239494686 -0.251828924561402 -0.159870446723883 -0.219547268173959 -0.225418573689234 -0.237824643691035 -0.244576390589373 -0.191210261310378 -0.220313492186151 -0.214427562063285 -0.273644541092424 -0.322940550486965 -0.315829301887841 -0.280739079394679 -0.183557513447508 -0.173069983250094 -0.122738160463715 -0.132793838709282 -0.126663579846047 -0.184350431355255 -0.173978587259955 -0.099740127152106 -0.0696439055938512
