sesion_7_reto_final/modelo_futuro2050.asc
NCOLS 708 
NROWS 329 
XLLCORNER -7.525 
YLLCORNER 35.991667 
CELLSIZE 0.008333 
NODATA_value -9999 
[rows 200 to 219 of 329, columns 352 to 395 of 708]
-0.223415169545497 -0.32891826034263 -0.242897503297569 -0.281485863280189 -0.157665711059318 -0.186400133642557 -0.167885729273896 -0.102433241970886 -0.136259824996036 -0.0690959605670073 -0.0378562873604553 -0.027439335526313 -0.000951280912273224 0.101985052674849 0.174394164525078 0.202411904211199 0.233021634564109 0.161773841941277 0.191328293945644 0.0557486210571445 0.161240458864557 0.209646034984883 0.239189059489345 0.237176758079219 0.147013601592489 0.0528039154366559 0.0239413633568593 -0.0861909086585529 -0.0322550820140465 -0.106555152524932 -0.0723338836099361 -0.145181530342762 -0.0913582529976746 -0.102387899416869 -0.0808360517528973 -0.0698623590893837 0.0554471046450266 0.103543528441503 0.147319920991075 0.148663513755477 0.0459380008274941 0.0342004786815142 -0.124058776639375 0.0676499627169207
-0.285464542063357 -0.270466653552474 -0.325246372476077 -0.303558347469892 -0.291423335578981 -0.205049863580221 -0.183268076968297 -0.10494340363716 -0.110739222098679 -0.132123186018062 -0.12212369634335 -0.0769546123621525 0.0227404868691613 0.163039384295916 0.15889909537355 0.205852419873524 0.200688422322249 0.163246312159109 0.160109005810376 0.231981425623483 0.24005552040535 0.100287824842168 0.0785913450174445 0.0997186406183531 0.0345577710077025 0.0223000514524149 -0.0678769840375102 -0.0823051751828822 -0.097833075152615 -0.0489787374433651 -0.0613923421491251 -0.143793001997225 -0.0963589368633319 -0.0897028296273358 -0.127236181551554 -0.0743098482537238 -0.0193499743487967 0.104867653896725 0.131439478225351 0.156236548821035 0.138963354318694 -0.0304135405270559 -0.0446322839645744 0.135654408112167
-0.342069039185608 -0.281585491518436 -0.276140616122826 -0.267272986475178 -0.196676548060666 -0.165341748333469 -0.202228550923514 -0.16607036383581 -0.086378573513813 -0.116005542243045 -0.0982283120116017 0.0621048551224505 0.0609947450815782 0.071254039877459 0.0711084876021279 0.0515096159747317 0.119325860895474 0.123137644390002 0.200713892946678 0.151271070178237 0.0850912284714553 0.0443838489368302 0.0478285276852439 0.0328525636707359 0.0260732356286666 -0.0605988756247144 -0.0298628914793732 -0.0864575688681792 -0.0797916418987385 -0.0244002546734772 -0.0490006619397402 -0.104742072116332 -0.0705945183673029 -0.162190054544796 -0.160054125355714 -0.0924063834900715 -0.0205255112109026 0.00661761589721902 -0.00746826151096525 0.112731965670652 0.0581890407834588 0.0931779669669234 0.224154606524599 0.199915535504378
-0.329995637697733 -0.287207663419196 -0.240114208476072 -0.299364599806482 -0.215688812685474 -0.186013599414704 -0.151359626774652 -0.187384262533617 -0.13022657071005 -0.0509299794195954 0.0700799386241053 0.0079157317773405 0.0560293492213188 -0.0716203479043678 -0.0329649556865305 0.0808579918891149 0.151991124693226 0.0771209498439467 0.194691105866097 0.104171341629723 0.0609667569649643 0.0349130058060621 0.0334307158547856 0.000308303990941055 -0.0596429471878956 -0.00952142388257866 -0.00522576295143627 0.00260148324540192 -0.0444500007615751 -0.0367833762479859 0.0168373084777051 -0.0510535033822136 -0.0805211470017332 -0.0234622316432028 -0.0310864782477619 -0.0880950740204205 -0.0464041849052456 -0.0207255863381141 0.0807639801183037 0.144370035016433 0.293396778315578 0.231920856923959 0.15197566608502 0.227564464545489
-0.182560465847752 -0.275789266084034 -0.308461316628873 -0.352014663146393 -0.283342082552112 -0.246933396934987 -0.244926413540704 -0.106325355220762 -0.0572133252621205 0.0405764255161214 0.0466427889468341 0.0184164533260697 -0.0374508696589637 0.0196122087856554 0.0219571787097082 0.0426678639243955 0.140250798692161 0.0621552125357661 0.199944294964139 0.153909839007797 0.112322869863319 0.0141198119753563 0.10046256602769 0.0784888583030241 -0.047949841797451 0.0171994361919659 0.0435379499547696 0.0212810793562834 0.0478931084171707 0.0442199594520487 0.0408356300081031 0.00900463809620984 0.0289512098180066 -0.00561984723314476 0.0292805291916102 0.0230448109325884 0.0610838586209818 0.154844163877381 0.234333181385895 0.246569489586504 0.243373881795138 0.246152136927314 0.135977893975754 0.128287059936304
-0.15472213553856 -0.195835385611382 -0.308604245243206 -0.333623547925176 -0.312505220284502 -0.199100144193646 -0.187781678253276 -0.0147812027399772 0.0417878318666919 -0.0597559847989879 -0.0778725664751075 0.00133483326857892 -0.00488690217090952 0.0590801583781282 0.0255741391039745 0.0126202962330374 0.0148616848179064 0.03028286664576 0.130902837735953 0.120199523567828 0.0864893062602944 -0.00849816005399735 0.0235859185733479 0.00463045947742994 -0.00664541856875884 0.0416544633406054 0.0652854724922129 0.0696824297330536 0.0277080367600692 0.0919603707022292 0.105193213360898 0.117727716015801 0.0949777900353148 0.111704372282177 0.0890093737739772 0.0903245939264304 0.155332264705074 0.290042228022156 0.281839143934143 0.247444296799758 0.204418614054134 0.220907006835755 0.187951392128115 0.109710425854096
-0.0139744765228817 -0.0385552443222553 -0.0686988586488384 -0.201084864460041 -0.104019836388195 -0.0397014941417347 -0.0741518502314734 -0.0596276124508766 -0.000450084513223745 -0.0106876293229132 -0.222184988242578 -0.201180061674533 -0.084653259432083 -0.0531876358534834 -0.0584253485707253 -0.0664004320723801 0.0391763738907203 -0.0173445883321187 0.0499568866953994 0.0500472766832683 -0.0217693615318654 -0.0209019450263126 -0.017400053776126 0.0225256608404735 0.0254069158287666 0.0811220036077194 0.107982994125414 0.0713332203869535 0.130954088081349 0.150719410197058 0.186187198957838 0.201459924170364 0.217810433710877 0.282339717226458 0.220722838448502 0.228358805320656 0.217325915929953 0.234296889574651 0.158654894370814 0.120205133442633 0.0732974355071005 0.116332875328702 0.130695330812392 0.178556443023985
-0.13235118660442 -0.142504276400118 -0.166670718842756 -0.166261130018797 -0.138714756033477 -0.0622194309599587 -0.00426609139883194 0.0453134878424124 0.0280374894849862 -0.0309583463987282 -0.179444234574661 -0.0796449725210968 -0.0806625113609523 -0.171524930318503 -0.20327091859974 -0.13816446331968 -0.029049217002427 -0.0624395501744663 0.0313094417872205 0.0505288690903964 0.0220300444549418 -0.0232567346838102 -0.00599993099294661 -0.0233542772327786 0.067650488856038 0.0809996345748557 0.219204745906383 0.173364493739793 0.207228884615001 0.244551317747646 0.245977653943242 0.265491964387833 0.37637923225574 0.422149201179225 0.412513060137423 0.346202018120282 0.250379417501977 0.131197785957535 -0.177757482169632 -0.305066604579518 -0.197501089774117 -0.0344779718064798 0.0901996461876626 0.134811582366606
-0.118330465727326 -0.0593511325078056 -0.120421052362391 -0.12257958566335 -0.134361882600562 -0.057381653807036 0.0143046736983922 -0.00166741780129271 0.00355819015301832 0.0065545142853912 -0.00923233903230136 0.0141937924704245 -0.0411587606213847 -0.165938491223467 -0.270111117950046 -0.224561563361235 -0.129923162056249 -0.110967086002297 -0.0348634821736371 0.018715329748342 -0.00274469702396078 -0.0260827235683032 -0.0154993815508393 0.00165155577135457 0.0355934155732598 0.148594837814034 0.277202783880993 0.239764045335724 0.283661338186914 0.264541329136834 0.318909068038178 0.36457842595137 0.48173151306669 0.51267649208318 0.512211190002618 0.422571324216545 0.260068403658215 -0.0840754186268252 -0.444173778633939 -0.81769356626956 -0.57727254971629 -0.201479326109435 0.00188154680205165 0.11130985764131
0.0629581223346649 0.000348872184738118 0.00143876127565431 -0.0402129550745558 -0.0498033690670052 -0.0599559457210069 -0.027918852889107 -0.0260025981142057 -0.111139776973509 -0.0445487467126864 -0.0902050194433768 -0.039136639477814 -0.147330325249067 -0.181707583130873 -0.262761276244223 -0.428143371785471 -0.310494832405947 -0.295678193501152 -0.169619519207964 -0.112276657543773 -0.0801286834839054 -0.0541666437164319 -0.0576489581571965 -0.00434297054999394 0.124316662370219 0.194192019986349 0.277212393629286 0.31997718231288 0.303367334929073 0.327410791380813 0.35766473028232 0.402098646829264 0.459806456856445 0.605734676392584 0.540600257825933 0.433023391898377 0.289581389831751 -0.0513909246875422 -0.247947615890565 -0.416941260638842 -0.228370026971486 0.0446177552410208 0.187797265868011 0.183334510308021
0.0965827900034439 0.0739282688701243 0.141619007955307 0.15229017092073 0.121077232768602 0.0888231575248901 0.0762509699823863 0.0873754645957043 0.0980429833006376 0.00855978609687655 -0.0179402011223859 -0.0745997978746315 -0.110897200974809 -0.0938899130413194 -0.19161986881566 -0.318291914956926 -0.275855014743136 -0.27448363084985 -0.191197107786507 -0.164467861234794 -0.157286547414095 -0.121765324742295 -0.0684052614360149 0.0156902728739098 0.12855179948671 0.321095809829758 0.375237876685576 0.429759147366538 0.456742332406912 0.448143882813551 0.399421286717806 0.525517837202423 0.575811800591019 0.548231804319277 0.521419195025859 0.438488425586475 0.302454192817915 0.137254605628848 0.0926901248756996 0.0952922327485763 0.126794162579589 0.207996033981745 0.325718460684943 0.324780337169757
0.183676922107422 0.198000172682606 0.205365872912089 0.233406795840677 0.232250726287752 0.199207686237231 0.178214184816615 0.165756324145222 0.146698198140797 0.127707858012364 -0.0203994979175493 -0.127203456902164 -0.160426930260531 -0.124730226482716 -0.0679139339656593 -0.114886897932523 -0.247921798412376 -0.32678408056379 -0.262493319461061 -0.229230160196032 -0.19605619247777 -0.0966286678867596 -0.0252766769667091 0.0640377823667774 0.162316425440931 0.354659781526177 0.428754966351802 0.449229881460998 0.500800689389203 0.507136232874202 0.497601832942425 0.501792547619477 0.508998712754095 0.517310762186029 0.314297155213561 0.355901033995116 0.336976596002169 0.264008248307931 0.231675443038953 0.240439726162593 0.220140909117447 0.331351304092358 0.375035640935085 0.353150038168802
0.162983256030052 0.144068916097071 0.158268020067701 0.258981406095742 0.251382900405755 0.236030011911687 0.166153393196988 0.128981317213821 0.10112334743774 -0.0238203764654613 -0.00710070961204765 -0.0123678791771471 -0.0127477683016944 -0.123930243501361 -0.117104546621881 -0.132997266308243 -0.185936383984506 -0.346669486682877 -0.307878706238569 -0.239706374746257 -0.172157027202793 -0.00776147422845305 0.126609694296996 0.199740329393458 0.278308984797073 0.387245499000423 0.41047530580524 0.458379475541365 0.479114949412504 0.464460807895084 0.471446619000019 0.413209950091267 0.317575421301105 0.29741394221183 0.352356123047841 0.41107919492177 0.397545556625356 0.370646201604559 0.370926287980676 0.33830061195715 0.266413976861811 0.312311842819155 0.327108904914528 0.305861699820425
0.136406861642454 0.214943095553223 0.251124293725687 0.288649764278054 0.266070044899086 0.135718264994384 0.0811216737334724 0.0394994906088689 -0.0187931980444576 0.0553122238763496 -0.0197569998167481 0.0348289222899859 0.00827257434216012 -0.108877253008007 -0.146699424453402 -0.154701002510403 -0.155786321542348 -0.29079486380906 -0.256719147169395 -0.296200670256042 -0.240652207475586 0.0319702690610935 0.135188157755576 0.219154467944179 0.257448177248083 0.364840618939412 0.380725124306313 0.403481965680249 0.390984419102194 0.411089264820287 0.344378732039153 0.260361308443983 0.403045443184519 0.273434790517971 0.366599250521404 0.263193836262968 0.345414297618396 0.378622589716129 0.337694064683603 0.203441891220672 0.099234148646403 0.0464095186311534 0.217092433206422 0.201108236943807
0.108884697182994 0.143288684435322 0.249081446526842 0.262699427984531 0.254807532714396 0.154359955122772 0.00618955553354615 -0.00323126881541922 0.00426280376217432 -0.0552210702917665 -0.0413116376155233 -0.0520017604323335 -0.109326929027608 -0.0961871683591758 -0.101178032491389 -0.114054788578488 -0.0987933766606742 -0.190654781579575 -0.153552257676286 -0.0362576316915627 0.00526943059629791 -0.0247518170498977 0.0911964863406111 0.168507096266102 0.153324141730933 0.179524810080073 0.209049221401039 0.246650012533357 0.186316587200488 0.20700619969201 0.21564245713543 0.343375923975703 0.336197746957699 0.269363993370492 0.319292978605032 0.187093644232098 0.214579494402766 0.142425172814407 0.126199784614119 0.0406330388324545 0.00282897546523759 -0.027901862821968 -0.0748672920848726 -0.123735438103472
0.114271273488447 0.102449290644573 0.107371689285292 0.119664358214464 0.0803477920548624 0.0652636766421991 -0.0232188230174139 -0.0573801850757922 -0.0902962860344785 -0.0454321149132929 -0.0553386947554748 -0.0753432704472629 -0.0325786539213769 -0.027049157037971 -0.033171881197247 -0.0424889520493207 -0.0420811351131509 -0.195331999706716 -0.0993416191601604 0.0401269594816724 0.0952084544625916 0.156461562284859 0.0574636046162091 0.0316022853592696 0.0556628614332382 0.0925385831912701 0.128491892630092 0.224028496728426 0.158004199188127 0.226835184777542 0.214547085907341 0.205403314948135 0.168107505017198 0.179092450670432 0.0960868054514236 0.0975494559358108 0.0847376818696179 0.0673653642343477 -0.0313699218005802 -0.0315503551084262 -0.00604887853626183 -0.05929308358272 0.0022619748070472 -0.231008202764306
0.0847877465152436 0.0889355701415692 0.0872196229565785 0.0791478132041968 0.0422654085154155 -0.0382344729385833 -0.0490603282972801 -0.0870236541167425 -0.0857617181951486 -0.0544377621323132 -0.0248980465882544 -0.022426484240258 -0.0233258854747083 0.089477576863109 0.0486094034875273 0.0657610944504955 -0.0405351845445271 -0.121175196441676 -0.043767685755275 0.0228966503461554 0.0644821862343575 0.0570525905723529 0.0630011550291733 0.075225358466852 0.05291229929751 0.0680039494141323 0.0991338714924478 0.121485355469883 0.124706368875735 0.241071629320356 0.138971653308372 0.121405470514863 0.198605886864267 0.0440055628737909 0.00980103143816421 0.0162424412918333 -0.0249727903900912 -0.0344119954598534 -0.0948742355886847 -0.109383676603983 -0.0507424337305699 -0.0968403781465516 -0.0549998774862948 -0.197759430939217
0.0694711723099672 0.0746967802642785 0.0619920710078563 0.00141476173494521 0.0234103939559861 -0.0572350397733439 -0.05609107498335 -0.0882821065677494 -0.103385861447302 -0.0820680779899276 -0.0466196560534178 -0.0369165206038417 -0.0414809546163884 0.0623723694577624 -0.0462837823954259 -0.0388115361817723 -0.0228343614814191 -0.0200043156796513 -0.0402292454011221 -0.0178800464531728 0.0473661299446786 0.0420887313207752 0.0850209967760751 0.0576696807061922 0.0768573637795482 0.206235964626366 0.100459530688856 0.077840977176436 0.153537282894525 0.16817577352096 0.184219295157127 0.141156274191795 0.0909271809713893 0.0254487805960999 0.0373239873658417 -0.010211139262574 -0.0443933392289428 -0.0880744766115077 -0.131371154810554 -0.163398872709336 -0.190412715391146 -0.131213879915152 -0.170515821467163 -0.253620477966383
0.0409032025675169 0.048878286069172 0.0244560270812693 0.0337425521446243 -0.0681195408900896 -0.052451338319499 -0.0327225629552802 -0.0447494234480359 -0.124271965110538 -0.0811260262038282 -0.06089813183737 -0.0578919879715525 -0.0722022079853245 -0.0861520061837309 -0.0859471285348489 -0.0811801019029058 -0.122070947731734 -0.13484115215076 -0.0815130052320077 -0.00676874319116996 -0.0102455731422862 0.00208061190449515 -0.00369379520234576 0.0230644657493745 0.0519056064744927 0.0917500712211663 0.0697194896262403 0.082271963676582 0.0975716282447816 0.134943777002684 0.205785395930774 0.187873421613394 0.113058138761434 0.0571845421710099 0.136127566734556 0.0404873812970379 -0.0785877726046033 -0.141214314534466 -0.117179651532777 -0.215029926125671 -0.245868743653325 -0.243603423869116 -0.285435573527173 -0.328604460861174
0.0509344364720483 0.035202510626643 -0.00557790445844705 -0.0498145842292821 -0.0440940806638112 -0.0162797853702963 -0.0253988336619451 -0.0949030979560553 -0.10562994203454 -0.0683453167519533 -0.0717185653638857 -0.0762928191098772 -0.0769044874115356 -0.0854568029826608 -0.124401014721675 -0.136752157251188 -0.183895117834419 -0.0830051149167289 -0.0747635433631552 -0.0616399386910262 -0.0889175395949419 -0.0909257840877934 -0.0518019908141431 -0.027583757701913 -0.0133230433282472 0.0176371169488763 -0.00506445832125899 0.0214446690159464 0.0753876210390528 0.0662078141175768 0.0690617227773139 0.115184693017398 0.105943685018245 0.194012440804188 0.132501875547705 0.107447457018045 0.0744076221115893 -0.156829527994364 -0.199127793678747 -0.234058074104163 -0.167693166373096 -0.167543729338198 -0.206711024936707 -0.205655165105096
