sesion_7_reto_final/modelo_futuro2040.asc
NCOLS 708 
NROWS 329 
XLLCORNER -7.525 
YLLCORNER 35.991667 
CELLSIZE 0.008333 
NODATA_value -9999 
[rows 100 to 119 of 329, columns 616 to 659 of 708]
-0.511491386085616 -0.467043825350651 -0.250765901779837 -0.335476650519474 -0.491508907047911 -0.496539457086785 -0.444320325584141 -0.421286594941776 -0.422894390728611 -0.441159661482757 -0.299284537988803 -0.280066475600533 -0.298880032365512 -0.186801126260285 -0.264686005962734 -0.261006583392222 -0.223877330118411 -0.227617683476458 -0.312168490148349 -0.349293173363188 -0.413199475282398 -0.412992312604031 -0.370307919664677 -0.3670428224509 -0.367772461884159 -9999 -9999 -9999 -9999 -0.200945067943452 -0.304148809697072 -0.260489528469512 -9999 -9999 -9999 -9999 -9999 -9999 -9999 -9999 -9999 -9999 -9999 -9999
-0.503226456779391 -0.568636973146253 -0.499410788525295 -0.518784222922341 -0.321922217826415 -0.323478222943659 -0.330220150108552 -0.502285256766501 -0.479251526124136 -0.48282965238495 -0.440318906006356 -0.293620395151895 -0.197276551694769 -0.196033575624562 -0.193350280539227 -0.273233071859386 -0.236355237229576 -0.23740087035486 -0.312415338733378 -0.269087533262546 -0.332120928502653 -0.367496833714297 -0.36412587013185 -0.33813778629326 -0.262982335698382 -0.345190457475705 -9999 -9999 -0.223428227545499 -0.208722808500184 -0.225135034612546 -0.242860474174398 -9999 -9999 -9999 -9999 -9999 -9999 -9999 -9999 -9999 -9999 -9999 -9999
-0.507001925985128 -0.483916404673171 -0.400709870381185 -0.34733078456605 -0.349093952361662 -0.315533005615221 -0.31698542939328 -0.325697687032153 -0.35915505243941 -0.338195233610207 -0.483544902025792 -0.448616838288493 -0.287212908388717 -0.289713250321546 -0.199505835516707 -0.1918241415952 -0.338049681334876 -0.346140450938646 -0.344855503932292 -0.356067251730784 -0.424910342083129 -0.42624936478856 -0.371171006610336 -0.358043004036943 -0.27094302940762 -0.366294395323962 -0.328708332615572 -0.361512978899603 -0.236779720951269 -0.227324119386127 -0.225497056157993 -0.243128734114106 -9999 -9999 -9999 -9999 -9999 -9999 -9999 -9999 -9999 -9999 -9999 -9999
-0.33705270207649 -0.337467027433225 -0.342808321489651 -0.403084706478455 -0.348046034206893 -0.347579918180565 -0.345868541054546 -0.330313911714292 -0.336693304192041 -0.343225783649081 -0.34317399297949 -0.310827928017827 -0.28995027917313 -0.286579315590684 -0.301266460084015 -0.345558648810204 -0.350951733536222 -0.372833964684634 -0.370510919256956 -0.370823948303994 -0.419172484080254 -0.368759856224275 -0.376446120204754 -0.359076532399296 -0.365611296885822 -0.281832780198839 -0.259067309496182 -0.251297103643409 -0.249324488139944 -0.274455826979636 -0.271965304780252 -0.232441575942283 -9999 -9999 -9999 -9999 -9999 -9999 -9999 -9999 -9999 -9999 -9999 -9999
-0.309392927018541 -0.311518629501296 -0.341812194004474 -0.345234948256512 -0.398355080723688 -0.394569791784506 -0.348514435262706 -0.348307272584338 -0.348825179280257 -0.324649768877384 -0.330977370685542 -0.346234212544385 -0.288966256450884 -0.336196808850801 -0.34156848222214 -0.328263696285293 -0.345716305848465 -0.39416842296391 -0.372263415545913 -0.408568416007517 -0.419059083007626 -0.369060780508382 -0.354958574946188 -0.279551705707309 -0.271512726773132 -0.24177989167523 -0.262956692916245 -0.270362079052388 -0.236438597618804 -0.277723209222899 -0.240428764206868 -0.274033966918942 -0.232182622594323 -0.295239201076897 -0.33151662039477 -0.245353447877073 -0.346283136701424 -0.243582745377503 -0.248240940995789 -0.250211271469768 -0.255969175912414 -0.260896144612105 -9999 -9999
-0.310470711346527 -0.308862915559692 -0.310936827372854 -0.337393312267258 -0.331741274193281 -0.262600396359524 -0.410988872985325 -0.404384043277225 -0.343848704940461 -0.320087619894323 -0.334089380920029 -0.337771088520027 -0.321250711009509 -0.327681894156851 -0.35142241962152 -0.33876950103469 -0.366409636625749 -0.365070613920318 -0.410339290664795 -0.427770488873289 -0.415222003398852 -0.379173671255722 -0.383592552992938 -0.361246490847684 -0.355192232179902 -0.364111652497142 -0.321080714393142 -0.333171470318421 -0.337827380907221 -0.267447924904521 -0.329541553388014 -0.254020431303298 -0.269373319797365 -0.268227069977886 -0.275602076799116 -0.274966198971597 -0.265882438685346 -0.266970042746776 -0.340157447897161 -0.282860884376535 -0.274520981158251 -0.293635462207337 -9999 -9999
-0.263385711221941 -0.302680866026865 -0.303977917796148 -0.300192628856966 -0.30948668862428 -0.333921052375113 -0.397163895323074 -0.391926182605832 -0.33782202741641 -0.315099040791596 -0.32438099579598 -0.342957010567677 -0.347987560606551 -0.347728607258592 -0.377815009083402 -0.375689306600647 -0.375637515931055 -0.434565058480984 -0.377866799752994 -0.375948259948607 -0.393175432281429 -0.439657218922894 -0.386342028540282 -0.355749824782483 -0.352132012615007 -0.358521224826201 -0.357120591717734 -0.391611485487343 -0.36593643069579 -0.3010018500887 -0.298466392308181 -0.339969419580365 -0.257075914335416 -0.247450550969082 -0.24336153957461 -0.254598755645055 -0.256951260273067 -0.251532532764912 -0.286159159076408 -0.305605795497724 -0.307253277191221 -0.386747724568295 -0.422930869138731 -0.330277188100141
-0.244486847669762 -0.255077959206359 -0.315747258197221 -0.288410331919754 -0.299519350152271 -0.320582750320658 -0.331847140561951 -0.388959724646676 -0.336202126866644 -0.352756020494771 -0.329774080521997 -0.333403997452404 -0.338693500839237 -0.342064464421684 -0.386838010739826 -0.445195855924243 -0.448773982185058 -0.392075723457068 -0.392023932787476 -0.375172251677937 -0.398309563659486 -0.458857006759181 -0.400563057007286 -0.387806557081272 -0.358925730449492 -0.366094087734051 -0.362513676443751 -0.336514000983927 -0.290250630010549 -0.250863998629372 -0.211154518467714 -0.208094298902818 -0.197979123125993 -0.220071653755468 -0.232599066506739 -0.313418659938525 -0.247019722948152 -0.282950935732891 -0.294447784766797 -0.293868267667841 -0.306059640287316 -0.291512044754068 -0.294510653915926 -0.337223992913917
-0.247379590462951 -0.282630502980732 -0.297371723173141 -0.282901561091622 -0.295048677745464 -0.291263388806282 -0.32265666213382 -0.326700904420962 -0.401819805911874 -0.345069756514292 -0.346729342970719 -0.36483924171609 -0.34050845930444 -0.374172987390065 -0.380863123885367 -0.454063485571891 -0.399024813300329 -0.397417017513493 -0.365360285214704 -0.376469303447221 -0.393902786685201 -0.427372256855389 -0.455914758325886 -0.401406097513173 -0.355867795914083 -0.355919586583674 -0.342714325068737 -0.34407002259607 -0.285651080150313 -0.287779067662553 -0.201877133522301 -0.263095057155508 -0.266932136764282 -0.280352095661547 -0.327335286334738 -0.263544836991447 -0.293633523845743 -0.335347770713569 -0.330254177015382 -0.357176777936113 -0.348824769954898 -0.340246811601636 -0.306021892742248 -0.440345564683031
-0.279600149589054 -0.243064290064919 -0.235545502856146 -0.235143282262341 -0.281710375691008 -0.292819393923525 -0.293130137941077 -0.362076809632606 -0.335464952729427 -0.405035397485545 -0.400939364528811 -0.349530609187655 -0.37002516376374 -0.377440369633328 -0.468062109794902 -0.386307999280976 -0.402292195543592 -0.373761798836025 -0.375744234072934 -0.374032856946915 -0.404908223578535 -0.401445783419834 -0.4503145109215 -0.310878118957338 -0.318147772551595 -0.285669180192112 -0.278436520502147 -0.363342327157222 -0.38094785722588 -0.359410806327207 -0.287464092217543 -0.379121645770955 -0.391035105191083 -0.397557764914678 -0.350287013466403 -0.36986532551233 -0.352309134609974 -0.369050551449579 -0.364848652124175 -0.344147786642933 -0.353780171571529 -0.436094159717522 -0.440865756408436 -0.435056061296198
-0.220005498123483 -0.227588180764778 -0.214865196956373 -0.213476668610835 -0.230395381955591 -0.289643488256516 -0.284612938217642 -0.295411212432607 -0.331161757094325 -0.327376468155143 -0.341597496622147 -0.407318757006561 -0.355234437931224 -0.437457801274173 -0.384596622154957 -0.389627172193831 -0.37044262592317 -0.368524086118783 -0.36816155143164 -0.365061645960083 -0.405480205973532 -0.459120530166112 -0.355069863147038 -0.357141489930715 -0.347123212562324 -0.340319674994394 -0.39349913283512 -0.400916623734194 -0.387136415179272 -0.391192762229344 -0.360960294987506 -0.362555986011411 -0.328774338567396 -0.33670973616239 -0.382478045050802 -0.375060554151728 -0.351975032839771 -0.421958951179415 -0.3816699539188 -0.332542273069175 -0.403656618179606 -0.440241983343847 -0.436880839494845 -0.42090874799516
-0.208067829177495 -0.201307627460619 -0.208579566084362 -0.206661026279975 -0.233782335060535 -0.21907691601522 -0.279158243088587 -0.281399631673456 -0.288360826279648 -0.304862929238183 -0.333704069963301 -0.356065373674181 -0.418519251815332 -0.429823327963286 -0.388485492433323 -0.365141017773406 -0.361355728834224 -0.36525670387552 -0.367850807414088 -0.385391008793947 -0.349391330517714 -0.419622949215597 -0.426103638003045 -0.449554830804841 -0.452459678360961 -0.41863977826656 -0.419779172997583 -0.425120467054008 -0.381275268028954 -0.385215928976912 -0.398645707607621 -0.303843479475322 -0.379778075143565 -0.41097577741397 -0.31661825395332 -0.446318166508005 -0.399172920895288 -0.445854335511163 -0.389415030131133 -0.387649577306036 -0.456897173281672 -0.479048177511489 -0.426873815116175 -0.338695376543364
-0.167172481631065 -0.172858035822651 -0.188746185450042 -0.113692031164862 -0.118591418720821 -0.127263990453032 -0.223498082781922 -0.283525334156211 -0.288970209551821 -0.300182809123522 -0.310451071879638 -0.351592416237887 -0.420319820488119 -0.443904973944012 -0.374316254635911 -0.383454942394449 -0.36551565722348 -0.354833069110629 -0.404378212119685 -0.382898201565077 -0.415628212568562 -0.436993388794264 -0.506033822091533 -0.513241865282754 -0.460328895493946 -0.468794304547789 -0.444981428832059 -0.444150493089103 -0.366753653909356 -0.411439608410811 -0.413358148215198 -0.415898176054688 -0.416729111797645 -0.422590597579476 -0.425806189153146 -0.46484239061011 -0.398487537427663 -0.347266818439682 -0.366948711824793 -0.39387359777501 -0.392352542031651 -0.377366758283699 -0.426885919879105 -0.341645159680618
-0.125465324666871 -0.158686512995753 -0.171196164336738 -0.105697308196318 -0.109144271974217 -0.20216048769995 -0.210468239715532 -0.2322598460609 -0.300481448378143 -0.303125057556817 -0.319210550129131 -0.350645794392817 -0.363155445733801 -0.4310145133639 -0.434811907066013 -0.373031307629557 -0.386838010739826 -0.352293041271138 -0.358475090803965 -0.375431205025897 -0.389122222034052 -0.434194407606815 -0.448869447337216 -0.521539797564891 -0.5269846729605 -0.4797358460086 -0.458620655170622 -0.461316055018888 -0.455350987897873 -0.416013862156803 -0.47243404121164 -0.448155049469583 -0.402763151919033 -0.455092034549914 -0.461730380375623 -0.394712068221926 -0.310514489645431 -0.387829158840673 -0.380867964234481 -0.366350581542341 -0.355574231823751 -0.283492025671278 -0.287075401606566 -0.41081549671471
-0.0879363706439165 -0.133504303601049 -0.165689678538092 -0.180864863554126 -0.105593726857134 -0.208993891441097 -0.210818669639745 -0.248094840103793 -0.263610635310595 -0.313080291265895 -0.310902798113549 -0.317553248702189 -0.354236025416561 -0.365241462309895 -0.420810146040307 -0.416714113083573 -0.365369253174939 -0.369477390894603 -0.348985973121214 -0.285339476323173 -0.297464668480639 -0.322923592633589 -0.452822213048104 -0.462986894465036 -0.529329642884553 -0.478751823286354 -0.491404741873184 -0.453952639818891 -0.452149786116619 -0.429398366574864 -0.397946794157168 -0.408119010278059 -0.36686511662039 -0.378248564581668 -0.394465219636896 -0.404815652377518 -0.35288196877818 -0.365699227334021 -0.377262256829935 -0.308725173962365 -0.435160668918775 -0.42426863309807 -0.335890566550851 -0.301114571545826
-0.101846655093369 -0.130495874705745 -0.168905270111763 -0.0885616124397494 -0.198920686600418 -0.211637500619771 -0.232061138201071 -0.24466226611831 -0.326664590132171 -0.260873264526182 -0.297265856804472 -0.301840110550463 -0.309526374530942 -0.343720914075416 -0.349799382269059 -0.418800129659666 -0.421924244657084 -0.364915241911542 -0.354546534618938 -0.371191904823318 -0.381354301210764 -0.392917330706678 -0.409927520627688 -0.452627155132667 -0.464658585684394 -0.535410396107682 -0.486904203293159 -0.482080815932653 -0.441378006456999 -0.3189398741611 -0.264176324954081 -0.269969691912309 -0.325103310510431 -0.370652690589058 -0.397446067388468 -0.40267167534278 -0.386544211834319 -0.387886032710933 -0.369107425319839 -0.410222788264439 -0.442795142229661 -0.347248718397883 -0.291776255812879 -0.213988962170745
-0.142493789139864 -0.139634562464284 -0.156042903817079 -0.183654025008131 -0.183769711110245 -0.200646453518854 -0.13484530817942 -0.293642109663118 -0.244516713842978 -0.246499149079888 -0.243329178386756 -0.302579569717166 -0.304769167632444 -0.299842198932753 -0.334347482494779 -0.348775673640151 -0.408699343675257 -0.366949467818044 -0.399837135859789 -0.355490871434523 -0.370779864496068 -0.320887428365494 -0.342356185930381 -0.355070714920248 -0.402206992572729 -0.52908507932901 -0.544805752184694 -0.505333814016316 -0.467429985728113 -0.389146196744737 -0.291667189984047 -0.301687752381924 -0.292863625059135 -0.367148279494211 -0.349036434350868 -0.464516170211758 -0.391742238644899 -0.395656238563706 -0.441978596279121 -0.426627992814539 -0.311230426938154 -0.257267087491287 -0.233262872145881 -0.191950507240347
-0.161380547929113 -0.178982359712009 -0.166621910590747 -0.179506201381805 -0.0976088236220342 -0.125250324128 -0.222002323152809 -0.280666342295806 -0.146169023794264 -0.137605968375115 -0.223571797947889 -0.230481201884488 -0.288072006758471 -0.300633448769048 -0.303807069406572 -0.332441047453323 -0.408970401786147 -0.413275882450734 -0.37059148951138 -0.373548127737092 -0.361971560221971 -0.392783883194278 -0.405907487866407 -0.419492638505892 -0.470061490143856 -0.537390546315106 -0.540657928558368 -0.539631934899975 -0.536998145454745 -0.48119700293172 -0.455799689181806 -0.320635774906318 -0.340694079629292 -0.390055071044741 -0.406999080503742 -0.460896073014796 -0.366074718557305 -0.421851998222361 -0.415369024405427 -0.389663251667447 -0.279335921736598 -0.273686168692106 -0.294019929427234 -0.279714959087935
-0.215725381914511 -0.17530065211201 -0.1847500838881 -0.205153161887931 -0.209157718268411 -0.212486710914711 -0.269529229777861 -0.293403715896628 -0.148607755324056 -0.130906012146369 -0.219529840690233 -0.138863334237737 -0.206160239206284 -0.217207647035765 -0.223658469649996 -0.255147789612759 -0.337690864933495 -0.40280045701625 -0.363538818328935 -0.381942786269955 -0.383489823426964 -0.401898361426955 -0.450353615345095 -0.435617816984867 -0.471876448609059 -0.48480042530678 -0.49015153909665 -0.49357886340766 -0.552205481673482 -0.553253399828251 -0.418077380789833 -0.393956046086037 -0.411689020351848 -0.465004210734461 -0.46338659521418 -0.458678893955788 -0.394544018003532 -0.309390510990218 -0.340914780326867 -0.29515789090198 -0.276799197173608 -0.391459250281263 -0.38741043793515 -0.37573925704108
-0.215828963253695 -0.1328934870726 -0.240133016294823 -0.235154256925541 -0.255868078942923 -0.265472882727789 -0.294210442113723 -0.2694568795268 -0.246124509629814 -0.228940673148046 -0.226047930354857 -0.241408353552883 -0.251168529346525 -0.306725108314006 -0.310936827372854 -0.326205773994628 -0.35091119585635 -0.253561918322299 -0.413756388269477 -0.375839021962067 -0.343085653205931 -0.404445244354902 -0.409907474187916 -0.435837084426165 -0.440722082189708 -0.460378166318877 -0.468685918334459 -0.489034068862003 -0.505227712832472 -0.541596608726597 -0.481635537814316 -0.379978494586192 -0.40309244881509 -0.509613078452078 -0.487221395426285 -0.453038960644741 -0.382094377335502 -0.329969520580294 -0.275885924972341 -0.441105689600017 -0.349824034242771 -0.327956020729067 -0.396534735901272 -0.31526027943288
