sesion_7_reto_final/modelo_futuro2040.asc
NCOLS 708 
NROWS 329 
XLLCORNER -7.525 
YLLCORNER 35.991667 
CELLSIZE 0.008333 
NODATA_value -9999 
[rows 160 to 179 of 329, columns 572 to 615 of 708]
0.00834295807017682 -0.13592612784624 -0.17189702653764 -0.160640343158014 -0.210340006402637 -0.264123597841062 -0.223034895925614 -0.0758161933457483 -0.168556101286118 -0.157459187816531 -0.152468323684319 -0.0785437443967168 -0.0684331386788624 -0.146971657619117 -0.155373171240438 -0.174972042867834 -0.183839672515483 -0.242767215065411 -0.174752775426536 -0.256817629958014 -0.18855634173411 -0.162057034130349 -0.0382909576085555 -0.00815276511415335 -0.0966884886996343 -0.0987899816565282 -0.105934642556923 -0.0119442238423883 -0.0155620360098642 -0.12128210921881 -0.110848654720474 -0.118680470976283 -0.135804061969921 -0.143740311338124 -0.208497188467181 -0.235008600833872 -0.214341251470238 -0.248380419005936 -0.201960242767507 -0.341362370657189 -0.287825627803792 -0.262148287982753 -0.151614647146745 -0.286347907911487
-0.0487552362221322 -0.124237592514767 -0.150958280431604 -0.136518156681009 -0.157270812831844 -0.251251411812934 -0.218874967536358 -0.0756411818700832 -0.169374932266144 -0.149099645131358 -0.0770936056481429 -0.0742382637321297 -0.0690546267139655 -0.157967274779006 -0.0668673138281741 -0.104004101805944 -0.239956129115031 -0.247578497662987 -0.179978383380848 -0.0876452660932543 -0.248768831290392 -0.128062974333493 -0.0478738368970459 -0.0287379444932819 -0.0316329723159566 -0.00106606467240283 -0.0919627477044341 -0.0917457652926217 -0.0975835546902883 -0.106525819618483 -0.178764317894311 -0.172022390729418 -0.11098523903557 -0.252821528396072 -0.268907020968386 -0.247496327678482 -0.250849016708945 -0.266364811915748 -0.339047266906353 -0.181565723402552 -0.297408507092283 -0.277020670658077 -0.156260738002101 -0.300377250080925
-0.0952925318189519 -0.112663137871424 -0.142030645794903 -0.0604836979593444 -0.072145738735471 -0.221051608915495 -0.180624080941812 -0.170323153841297 -0.0723616948638899 -0.0654148900501144 -0.164643021481891 -0.163812085738935 -0.150954289503223 -0.0613188570933808 -0.0692001789892966 -0.103111555659951 -0.250742298567066 -0.199644287243462 -0.195432568184614 -0.188108838891279 -0.207926977959973 -0.135517866109743 -0.116061409954983 -0.10269324172731 -0.0261242014878247 -0.0265759277217359 -0.0292279917189483 -0.0290185440110949 -0.148464070460384 -0.0982036778104851 -0.130571154126826 -0.109653306233771 -0.14777023217422 -0.173752997996967 -0.27358662794135 -0.243481951564557 -0.257009141745397 -0.33015771276233 -0.323757760703111 -0.179063096440238 -0.15115647279726 -0.275713799155349 -0.163209827845362 -0.303062830195746
-0.090355743385817 -0.175262568287906 -0.155221517517424 -0.115606991718703 -0.16061756688843 -0.171497497946204 -0.204526148204309 -0.162026993446949 -0.0730769445047322 -0.066699837056468 -0.158409181279473 -0.187832124133032 -0.161846325323927 -0.151940597254955 -0.0817000105968368 -0.108516745148899 -0.250690507897474 -0.192944331014715 -0.170998204433781 -0.200709966808517 -0.224365185485985 -0.0910339910859874 -0.170361474833052 -0.206153138657707 -0.208016750989807 -0.195040983622495 -0.148129630058668 -0.0108586264839219 -0.0474346850564153 -0.00322643820252095 -0.0123110502619816 -0.151470214326201 -0.150800072424201 -0.180692268106784 -0.224241964679912 -0.289799398237012 -0.274920332630938 -0.298122391818219 -0.364425454331074 -0.300020372041137 -0.283740673326596 -0.277257699509662 -0.258124943908593 -0.197848558919789
-0.119326613337574 -0.144640905329773 -0.192099179989527 -0.114909503488147 -0.103066447921108 -0.175154996020341 -0.157024537693502 -0.150876004278284 -0.0569914519324186 -0.115328737535367 -0.170904442828041 -0.155144084065696 -0.159409878823621 -0.0724796659954899 -0.10212981796719 -0.108620326488082 -0.257328853723184 -0.211416764447229 -0.124153883105171 -0.124504313029384 -0.192089185745898 -0.106641262869043 -0.0854314586521164 -0.193632234327002 -0.164062887424901 -0.143723704857592 -0.178618252477283 -0.143579820653712 -0.0178808145351155 -0.157786459328301 -0.14845585045702 -0.139262339042533 -0.19236733376042 -0.180266689760328 -0.146304374193291 -0.252027584204932 -0.338586807527382 -0.370896323385078 -0.385272723860858 -0.325213321283866 -0.341547947470694 -0.301037910880992 -0.293966965146564 -0.301153596983107
-0.145645487633488 -0.0261094047225258 -0.106133350416753 -0.117945513527182 -0.0523157297190214 -0.0393850700905515 -0.0572337304584764 -0.0509624893788818 -0.0646656111499667 -0.161560877420621 -0.189260338385231 -0.172775762021808 -0.0757349434758223 -0.0749580834319434 -0.105562391952673 -0.199034903971289 -0.211532450549343 -0.293636990987482 -0.178529096405483 -0.133127379121489 -0.200764042507595 -0.18934199522804 -0.241402104777516 -0.260179860395401 -0.229456728969862 -0.209058221029002 -0.127806775645369 -0.0170377740292286 0.0485684172111055 -0.114228542751809 -0.123644562226628 -0.205809965110932 -0.177657344656134 -0.224133813281757 -0.264126794948749 -0.351462878315077 -0.370413532536849 -0.397351375023205 -0.402808355181745 -0.383227758106332 -0.410743752776739 -0.39661785083038 -0.359841312510268 -0.376912261061105
-0.18145154125056 -0.1122086818077 -0.102404250048426 -0.0343018776088759 -0.0232223185766929 -0.0155615228681674 -0.0444223030601751 -0.0331236487444016 -0.0438299332414172 -0.116093492816315 -0.126307679873354 -0.126164412627508 -0.0405358216276326 -0.0777052739498013 -0.115364538682461 -0.119988298068559 -0.248113930954018 -0.243746839886394 -0.316155951736624 -0.312772883391246 -0.278151913727106 -0.28600023264711 -0.255840115656333 -0.171064619710964 -0.167992295383138 -0.221353854603162 -0.190061025812112 -0.0354118757970317 -0.00307341388069827 -0.153829123558441 -0.206861768025268 -0.25825310058765 -0.279498705951672 -0.255896642858701 -0.336079610506096 -0.34829062259246 -0.33966155886901 -0.407794649254987 -0.449458470368127 -0.242175115536796 -0.382699111562389 -0.29615199300287 -0.359902922913305 -0.200655074811198
-0.151019107402801 -0.0499377568190565 -0.00740331405629792 -0.0174537426273919 -0.0305057450053319 -0.0446058376957486 -0.0636479684937735 -0.044859473027865 -0.0745467910615655 -0.0492846283704713 -0.0630349707521768 -0.0664082193641093 -0.0718460731974563 -0.0945037311334715 -0.118637170600198 -0.140096108431639 -0.164469713552645 -0.240522280352488 -0.258006121003784 -0.302877826828928 -0.29596088818837 -0.203384640601509 -0.170700998435436 -0.169014917423662 -0.23157677480526 -0.193794289266527 -0.0213215401825923 -0.0109720275565504 -0.005635983174598 -0.157251642995304 -0.139774755564901 -0.231882435622144 -0.286515169014139 -0.201972069203916 -0.148212687291351 -0.191390542585588 -0.233970093087189 -0.408832747676311 -0.304601412534216 -0.286296455873408 -0.219068696011857 -0.217097852396181 -0.198280238713928 -0.368217357859636
-0.0281190824716536 -0.0115516508243202 0.00248938913516476 0.0363222457657051 0.0165510924924561 0.00549928676171191 -0.0539676776551521 -0.124071270672815 -0.125216087236019 -0.0998503432057404 -0.078248476759966 -0.110797819640429 -0.101789207776421 -0.0779412162130012 -0.0634812124964396 -0.105733005527074 -0.161899819539938 -0.248661122340087 -0.291925032378396 -0.253300704774877 -0.162522740831318 -0.137494470189113 -0.126611574486351 -0.248247206308711 -0.242013366106292 -0.145336515503726 -0.127276122398462 -0.0816388095191592 -0.0166845894451796 -0.143172388212878 -0.222878906958804 -0.145713439983286 -0.0803225630833128 -0.110478282172826 -0.117206671318513 -0.0978172473989702 -0.160947541047512 -0.218990923928615 -0.373461005550755 -0.254953201327672 -0.296798203705531 -0.277257292536779 -0.195220019149033 -0.239169312654967
-0.0219491377017571 0.0337840581553738 0.0272629298204899 0.001887366056767 -0.00566694397257825 0.00371105766703027 -0.0376992319303315 -0.0861156517150196 -0.125748383724354 -0.0849284548903099 -0.119225142517692 -0.0822651379033766 -0.173889860638585 -0.179924072866595 -0.0445668725634594 -0.0792816038333387 -0.231196241540179 -0.215929852590511 -0.226700952634628 -0.197145995524944 -0.116481774101934 -0.127700709936493 -0.169905448830312 -0.138848562302462 -0.095301663900516 -0.156294731786439 -0.146973770490896 -0.0844816396993592 -0.0194359430491262 -0.108871747484559 -0.184755404256419 -0.102361192523894 -0.0156802854679857 -0.0156481342652832 -0.0612998369370022 -0.0976530819401432 -0.224462875362638 -0.24972217154118 -0.31602294902455 -0.310584928717397 -0.143115148528606 -0.123080027048099 -0.152804573801268 -0.2066376708798
0.00337023749111016 0.00217905209049583 0.060321446251812 -0.0324955484723952 -0.0634014608927333 -0.0448774089483354 0.0357648879782992 0.0435623363432905 0.0177294523557678 -0.0205918380918666 -0.0713950265790469 -0.0911943779540614 -0.132197025125437 -0.1040314481345 -0.13169579325142 -0.225554536341343 -0.240853515610138 -0.273693963041264 -0.210908442669579 -0.209877199336712 -0.205660910218893 -0.158258649619811 -0.152964576174006 -0.171113483563012 -0.0525491521375604 -0.141659822763026 -0.157098766001166 -0.0986728019931466 -0.0229611920519641 -0.0140372016757526 -0.0858271105203648 -0.0154056835815178 -0.0071108881020761 -0.0502668188999378 -0.0666676255487743 -0.103964355594291 -0.207225476323489 -0.33468501854032 -0.334137245671184 -0.214198775692611 -0.0854376116475246 -0.0503724504534322 -0.125808604382461 -0.143619345047611
0.0134755935344913 0.00658354403529538 0.053364821704592 -0.0693840546088593 -0.0739318137995042 -0.0862929482201705 -0.0177848114112372 -0.00681602743820786 0.0229475256061203 -0.0225352670376162 -0.0960107437523056 -0.0743781593601047 -0.0984013345568975 -0.11722648294311 -0.115786163927981 -0.197952653400669 -0.292438134200169 -0.210817304724839 -0.222705129399208 -0.24405820086198 -0.264982557175601 -0.273888267315927 -0.233953931406983 -0.0928131919154426 -0.0602475208809693 -0.136354842995391 -0.138934556741543 -0.11690592154459 -0.0224825642898236 -0.109778276450086 -0.111289345986195 -0.0058492988483739 -0.01031540119621 -0.0862531336671478 -0.102747701921724 -0.152490187875703 -0.255890005791775 -0.321790501042933 -0.285595085235761 -0.184440133691243 -0.114205383874567 -0.108245566428026 -0.151011034727122 -0.190786515156702
0.0611297778828917 0.0558311343781152 0.017981381788989 -0.0810185142412547 -0.123434985872413 -0.0820116770814441 -0.0890764530268196 -0.0652331979961762 -0.011998231200096 -0.0725251147183214 -0.0851848883936089 -0.0712805389180338 -0.10085217084962 -0.128648530222664 -0.149503334456407 -0.232695817587489 -0.256836791758174 -0.262749901735792 -0.182457182960161 -0.149205033833299 -0.209989672258383 -0.203866948099107 -0.131090565028957 -0.163085181819391 -0.128552144955927 -0.155189811115049 -0.166875209643827 -0.115216468914946 -0.0274170676934729 -0.0890168268491999 -0.0740552526271079 0.0126287912314959 0.0199441340476624 -0.0723844131809596 -0.149823395454561 -0.157111662232315 -0.265701972255008 -0.305392831196792 -0.222132567873621 -0.0795341549295467 -0.0159717745139836 -0.0296726112555828 -0.0578522313710448 -0.191745241764703
0.0477140423767071 0.0410239058814056 0.0381942067475294 -0.083718484148492 -0.0459426131991381 -0.0724363324969126 -0.12213913254423 -0.11782925397838 -0.100195629624294 -0.167718823596401 -0.165555720236471 -0.0722369804965493 -0.129649055609105 -0.125706961404871 -0.199609034713032 -0.285038169896206 -0.244048312787165 -0.25034046011612 -0.243290073963161 -0.266445999128206 -0.267793236153098 -0.270250067724689 -0.153353537075126 -0.186211920426722 -0.231843645000038 -0.156772310787639 -0.144748414939871 -0.112915347983643 -0.0531516200162849 -0.0849832560687123 -0.0113943839652969 0.0321351599992453 0.0427877097811721 -0.0283559223718857 -0.124217485770004 -0.201437880217809 -0.270111034258779 -0.233947695629037 -0.201199071442057 -0.0220433876191694 0.000846049493956982 -0.0173425414492345 0.0121053645709605 -0.147785036253037
0.0705690432576452 0.0574057526788546 0.0494366724924473 -0.0786931837840912 -0.094121900315904 -0.0824577466679994 -0.0759471917073344 -0.102279022539389 -0.158698106969463 -0.195896505350269 -0.112749129958029 -0.115609893706223 -0.189750022149362 -0.225469674354469 -0.266185440366263 -0.189326147349324 -0.172901650000226 -0.252191732870115 -0.296992860331988 -0.333687395141399 -0.327907566202377 -0.267124866138887 -0.134783457277306 -0.197236996786944 -0.16825927174673 -0.165765446270846 -0.0382990489655578 0.00157528195433264 -0.0364816333131613 -0.116256445392873 -0.0682607990804948 0.0307643930639943 0.0450228224081743 0.0255761859868587 -0.000240023178762178 -0.132144595020264 -0.283447730899251 -0.243062520529606 -0.175094968553741 -0.00267503642279231 0.0104364634864064 0.0117686311033804 -0.0130423104591207 -0.115198805637095
0.0774663424313144 0.0985176378367704 0.0357884781936494 -0.0565189963118071 -0.0761849001744208 -0.04949738974368 0.0293329133627392 0.0108155443490906 -0.140153836427585 -0.153593434791739 -0.152313057844357 -0.150030383622745 -0.193591671817107 -0.260803608629966 -0.257297764278842 -0.180181123327928 -0.205741690458469 -0.289102163502954 -0.320287247868732 -0.322154676619029 -0.320978287983713 -0.269992992433333 -0.154604733148696 -0.138483786097179 -0.109115259926686 -0.0668159076539179 -0.0276308506451225 0.00129211908051222 -0.028010567611962 -0.0662319950061744 -0.0896522977038363 -0.0535581782063625 -0.0594835594207155 -0.0691205144082835 -0.0971637223663573 -0.183741725346108 -0.301642251132417 -0.283151376674115 -0.152258001725709 -0.0276492313659197 0.00899054812891223 0.0219729984269739 -0.0117648981567261 -0.178008710044824
0.0840522179719303 0.0878237967341981 0.0937011055647211 -0.0380333715279783 -0.0507951211284657 -0.0349478558488378 0.0534751462795164 0.0113190612525937 0.0150492562456835 -0.0675954540162627 -0.0551686579591876 -0.135875535617749 -0.219069383663738 -0.253869588194623 -0.249739291163409 -0.161446364929585 -0.219661794641366 -0.287303298376586 -0.314789593347581 -0.273876211748245 -0.211468868918311 -0.192985862111578 -0.135387183902123 -0.0933741996472405 -0.129633172255422 -0.0973880649719449 -0.130190259752685 -0.0792363698006113 -0.0835441354946841 -0.0385312752954719 -0.0368309766489897 -0.0703942084249161 -0.0923199418981871 -0.226160822990741 -0.155614228847848 -0.211754720463073 -0.321164035975976 -0.298852923204607 -0.139105789626455 -0.058023193965814 0.0104217270260987 0.053720245454304 0.00755851745851619 -0.041717505801244
0.128404583844879 0.137502387255655 0.0853234548013694 0.00105267420060463 -0.0516350248316574 0.0255571031730126 0.0608310267755541 0.0435687385950422 0.0390115006549416 0.0162846976119309 -0.0375634745584216 -0.11572118425955 -0.173122006382385 -0.199475761710815 -0.202788598360812 -0.164577162857752 -0.227964976597976 -0.28880819243974 -0.289370355101292 -0.216693903425934 -0.168330292557853 -0.183610145501455 -0.196568386273656 -0.126133323183167 -0.0836907036645537 -0.0928123779696772 -0.14443497891995 -0.132345249278066 -0.0668538297091692 0.0167266644173885 -0.0165189682525293 -0.0222017242729328 -0.161150927487602 -0.184097404944794 -0.20426225565194 -0.227188007053857 -0.237143240762936 -0.199475182580224 -0.171140190455987 -0.0732754657656853 0.00280324892161218 0.0143945391767591 0.0170631115220684 -0.0314757376004746
0.131378063366298 0.159686907603081 0.159884250548004 0.0423885633325948 0.0178837957286741 0.0165671044925007 -0.0127805234650107 -0.01118254741162 0.0458117269099925 0.0396477854553437 0.0427506555718879 -0.0437385025289864 -0.0780139452754951 -0.0950332753144473 -0.112538360846616 -0.16590704544524 -0.210250443357954 -0.225201111258217 -0.204375086609307 -0.196010973865162 -0.211577361300455 -0.189929873974141 -0.200411982339374 -0.187584731892381 -0.0900023102663117 -0.124442680148801 -0.154336136929951 -0.096600292922334 -0.0849919892137724 -0.0211892686337456 -0.0386534698181519 -0.0193532374453768 -0.141335073448394 -0.174156561028132 -0.167615793226358 -0.0877045689892581 -0.0787500328243279 -0.115796023841346 -0.117582549389608 -0.0890967553155661 -0.0415442139447553 0.0204481182290396 -0.0329855483904912 -0.0386493445595071
0.146001312427107 0.126024664546942 0.0382514112129235 0.109779229906881 0.137014859874649 0.0197804110366859 -0.032855330852179 -0.0150196270203941 -0.0207234557639632 -0.068386026589532 -0.0371983162102797 0.0316532289606044 -0.0352927329420326 -0.0648666499031045 -0.156266101881767 -0.197113030376475 -0.222960983771916 -0.149170198664606 -0.121012156377628 -0.204473073958602 -0.240489080388845 -0.178641795385063 -0.122932129438291 -0.118504107583133 -0.0592777536208752 -0.0450779700347442 -0.0577496763152545 -0.0461722570269242 -0.0429169795465918 -0.0245579471867066 -0.043368705780503 -0.129209881290927 -0.142930764472299 -0.161436028723017 -0.158557675722244 -0.0729029368349133 -0.0209478418808973 -0.0732589631014912 -0.0343642570025838 -0.0539650066865828 -0.0949638374397616 -0.0963058247901803 -0.0626561916022897 -0.0510773390576834
