sesion_7_reto_final/modelo_futuro2020.asc
NCOLS 708 
NROWS 329 
XLLCORNER -7.525 
YLLCORNER 35.991667 
CELLSIZE 0.008333 
NODATA_value -9999 
[rows 114 to 132 of 329, columns 0 to 43 of 708]
-9999 -9999 -9999 -9999 -9999 -9999 -9999 -9999 -9999 -9999 -9999 -9999 -9999 -9999 -9999 -9999 -9999 -9999 0.659951703628021 0.651747532951624 0.665231387281411 0.660718743938456 0.663922230749196 0.611164632969164 0.615211160285792 0.616922537411811 0.552416158812176 0.617793159061429 0.554167221844856 0.629087415475939 0.565150734241815 0.547771326702913 0.539618946696107 0.565371773570902 0.494007781704259 0.55339162054707 0.556387944679443 0.55310845767325 0.624139781025966 0.65178973635047 0.653345741467713 0.55795554141792 0.57437462261874 0.441948930900875
-9999 -9999 -9999 -9999 -9999 -9999 -9999 -9999 -9999 -9999 -9999 -9999 -9999 -9999 -9999 -9999 -9999 -9999 0.659318110829988 0.604797345254345 0.608738006202303 0.613716765571585 0.618902687619235 0.62051048340607 0.619267507335864 0.611011545989874 0.61464146292028 0.548515183770879 0.520658065768008 0.530408421828204 0.53668423296677 0.535377361464042 0.485472820570537 0.619890254117059 0.549367017726818 0.552311551189599 0.579172541707293 0.589699757811369 0.647880819632332 0.582637266895479 0.56928069028904 0.470156991969656 0.447226842666475 0.464992481276685
-9999 -9999 -9999 -9999 -9999 -9999 -9999 -9999 -9999 -9999 -9999 -9999 -9999 -9999 0.653845654290647 0.65327367189565 0.663596010350844 0.658760518227407 0.604705868678091 0.618083856639209 0.60920412222863 0.61210896978475 0.613820346910769 0.61651803178852 0.583321904758709 0.590478157280338 0.512682982266353 0.522795873013693 0.584606851765062 0.470092350932739 0.465777050534707 0.474851842860723 0.531123671469047 0.532234971914641 0.558679352046115 0.567132656337027 0.572266787715085 0.563389338333992 0.65183358534322 0.572930246686336 0.589297537217564 0.45063800529728 0.566470969253566 0.455720346005746
-9999 -9999 -9999 -9999 -9999 -9999 -9999 -9999 -9999 -9999 -9999 -9999 -9999 -9999 0.660429924417279 0.662555626900034 0.668986810047376 0.613844556436629 0.603305235569623 0.615802782147678 0.517267055745789 0.516541986371502 0.51649019570191 0.587013432092152 0.468951184313927 0.33731080745848 0.45910883853578 0.451526155894486 0.456401333924584 0.458112711050603 0.601720623025255 0.59491480042784 0.520006198417991 0.547747630318749 0.556356306618437 0.566313825357001 0.651283527444598 0.695246697601252 0.693732663420156 0.631258225697536 0.565527145579678 0.525090311014246 0.569863857332388 0.45916502475416
-9999 -9999 -9999 -9999 -9999 -9999 -9999 -9999 -9999 -9999 -9999 -9999 -9999 -9999 0.668365322012273 0.668935019377784 0.660262447645573 0.605171984704419 0.606779780491254 0.61066865076962 0.515244934602218 0.454535949704695 0.462967842640929 0.448384279486782 0.3060430399665 0.513432261166501 0.504086410729595 0.50823423435592 0.372945666018083 0.521666298016115 0.518542183018698 0.558741475590848 0.538941611074137 0.545062050203927 0.553411773155656 0.681306546978583 0.645123402408146 0.635259645275321 0.680675239210035 0.708408216292254 0.708928408017659 0.624217659278022 0.712454743608881 0.665245602563643
-9999 -9999 -9999 -9999 -9999 -9999 -9999 -9999 -9999 -9999 -9999 -9999 -9999 -9999 0.667169566552687 0.674638848121353 0.676712759934516 0.620584198572037 0.609993087035439 0.553431925764242 0.509002639581261 0.446082645413782 0.443801570922252 0.512665220856066 0.501452621284365 0.503733695775896 0.541131722131111 0.539523926344275 0.53085363964155 0.540653501341853 0.55123250811552 0.545257621261061 0.548939328861059 0.626100911077011 0.611654445379656 0.604364232203929 0.679607274615494 0.639274021389246 0.677222618784779 0.692551810894683 0.701056905855188 0.696896977465932 0.702132405153688 0.711414360158071
-9999 -9999 -9999 -9999 -9999 -9999 -9999 -9999 -9999 -9999 -9999 -9999 0.6641755274498 0.669711879421663 0.678475927730127 0.680757002221658 0.682468379347677 0.626029073967647 0.540489674514539 0.620532407902445 0.519663816339434 0.584638595994882 0.508048996173928 0.450625668071651 0.506234037708724 0.498754936406614 0.529359244927343 0.530552715357443 0.528530594213872 0.530811668705403 0.540093623709786 0.537282537759406 0.597558922748211 0.599997654278003 0.591203226654625 0.668727343557719 0.618737495877014 0.630416211475043 0.562851898339998 0.689918021449454 0.696761244924045 0.699395034369275 0.701365364843254 0.626922878859732
-9999 -9999 -9999 -9999 -9999 -9999 -9999 -9999 -9999 -9999 -9999 -9999 0.670086518871737 0.681545967028467 0.678734881078087 0.682727332695637 0.674036486411442 0.666621280541854 0.619807338528158 0.541868896268328 0.538756886033841 0.60627169352878 0.499751063891791 0.500478418295563 0.442690270476657 0.503380980822197 0.503536352830973 0.496172937630976 0.527659972564254 0.53128988949466 0.520595196618879 0.598119313521974 0.532626627170606 0.585384224950638 0.650121462612805 0.614663387416656 0.606871257067508 0.451155166388804 0.453852851266555 0.680591810479437 0.687893615276397 0.693545653350374 0.695619565163537 0.705680665241285
-9999 -9999 -9999 -9999 -9999 -9999 -9999 -9999 -9999 -9999 -9999 -9999 0.676932027375814 0.680705211552066 0.68972821320849 0.671858993259096 0.671496458571952 0.627222544397747 0.433658300859998 0.407213920728525 0.545769871309624 0.540532158592383 0.535139073866365 0.508216472945634 0.494616932513733 0.436776994025235 0.432939914416461 0.485231396170165 0.345119440471822 0.558035707051938 0.591493072459195 0.591700235137562 0.595330152067969 0.59802783694572 0.569031324211826 0.571467770712132 0.601502381867351 0.602062259499417 0.535531474726725 0.584367537883992 0.594532219300924 0.682303187605456 0.692364287683205 0.576500944412005
-9999 -9999 -9999 -9999 -9999 -9999 -9999 -9999 -9999 -9999 -9999 -9999 0.688704504579582 0.689015248597133 0.676435532034573 0.675801939236539 0.560901207332908 0.455053856400614 0.589720936703348 0.592014115957809 0.598786422437616 0.60229134667416 0.530056733157899 0.530678221193002 0.499398348938092 0.495716641338094 0.493590938855339 0.495073741948312 0.421958687048988 0.549853460871915 0.5554537082763 0.554208447176608 0.583569779627131 0.586060301826515 0.581340495805193 0.635520138048371 0.59190739781593 0.517547081816914 0.529319559020682 0.584120689298963 0.596648615191931 0.670387443155844 0.623543121827234 0.555653674882222
-9999 -9999 -9999 -9999 -9999 -9999 -9999 -9999 -9999 -9999 0.686692203169455 0.685175883958873 0.693007700214683 0.683071592830797 0.609685479820583 0.574330985963617 0.576301316437596 0.606886498633133 0.623522562245765 0.609572591889651 0.593859453737926 0.587793090307213 0.527203676271371 0.524350619384844 0.587406859235905 0.519176802100125 0.484008059566848 0.46868115248643 0.406538018362831 0.404619478558444 0.478169418395972 0.46579686451178 0.567856641475406 0.581495867813969 0.576943538564352 0.618872482814505 0.555091173589157 0.627740112462153 0.501349553086878 0.547127681708735 0.549356965530674 0.607270106043442 0.612559609430276 0.620379320923155
-9999 -9999 -9999 -9999 -9999 -9999 -9999 -9999 -9999 -9999 0.695096001820262 0.696223291788354 0.701189946394706 0.622079445059454 0.583664731637593 0.590872774828814 0.683419737725524 0.616997104350988 0.698294918572031 0.684399023914994 0.672005058676124 0.667287537684287 0.596710225594967 0.534421539196037 0.521457876591655 0.582543785968738 0.504501762369723 0.459655865800521 0.428427784215203 0.259112153104597 0.411493081347949 0.471562303658386 0.491420128633742 0.493494040446904 0.498369218477003 0.554549570509073 0.555430011892136 0.543316411355903 0.490198563918214 0.464780177445134 0.507376230610929 0.518710686073797 0.6157332300678 0.547636620444419
-9999 -9999 -9999 -9999 -9999 -9999 -9999 -9999 -9999 -9999 0.628720589056346 0.630419861419435 0.641257821541062 0.627950750574729 0.431803995119646 0.458364061353234 0.615319243342577 0.63975360709341 0.702237864549475 0.697219419273531 0.680616020005298 0.667554025736206 0.599925817168638 0.653024538281135 0.641885653875401 0.584669488451492 0.576578718847723 0.483819171440464 0.453005415211881 0.456230826518996 0.397062605173092 0.452670974810165 0.436979248013118 0.483119911322119 0.485452776483241 0.487267734948444 0.556061319660684 0.54882289715455 0.533703152752499 0.49077808101717 0.503847609990221 0.524984212182878 0.537740712108892 0.518327078663488
-9999 -9999 -9999 -9999 -9999 -9999 -9999 -9999 -9999 -9999 0.707694844708015 0.6492030388695 0.647999748705955 0.640554163521453 0.635389652828482 0.557606582577427 0.627870865619709 0.714996649504974 0.641839623669503 0.70157669060771 0.68347889662527 0.675284545682317 0.669995042295483 0.660308581667809 0.64038143942775 0.568509360598632 0.509113416992891 0.504548982980344 0.420023985564396 0.525176646437316 0.463499628340044 0.462306157909944 0.522686124237932 0.552927898071518 0.558631726815088 0.482611824359644 0.533658045013657 0.488369728802291 0.565023224055768 0.499064421678073 0.50445750640409 0.490708015795595 0.493756130597559 0.507965054301633
-9999 -9999 -9999 -9999 -9999 -9999 -9999 -9999 -9999 -9999 0.649101742559802 0.660095074690205 0.667665652568569 0.663298561500945 0.638605244402153 0.634871746132562 0.634052915152536 0.729062305963203 0.717755944785763 0.699399197455363 0.701485214031456 0.687732586620265 0.668853362534975 0.659310169153146 0.647019785253459 0.633380558914897 0.496046173049325 0.488058984784739 0.545098366845194 0.515021784753829 0.449404105708599 0.453034022639005 0.510560932080466 0.539091328788033 0.547544633078946 0.465510157862381 0.463488036718811 0.466548256283706 0.482014545850402 0.489898152775803 0.468575799259458 0.536754065725647 0.42270568091965 0.439923033519027
-9999 -9999 -9999 -9999 -9999 -9999 -9999 -9999 -9999 -9999 0.736176587548684 0.735168355300577 0.747313186924933 0.684259232103357 0.686853335641925 0.610160154481787 0.735856023797688 0.73855370867544 0.653096479206837 0.723629535330524 0.705985752611481 0.700279638838426 0.683942727622112 0.674140580892323 0.660553145223353 0.642869676597648 0.560138226292225 0.555272867995571 0.537796562048235 0.490702255331901 0.440393208815105 0.440341418145514 0.495276509077892 0.522561644685767 0.434326845384393 0.518051286372298 0.449914990842256 0.468439214944362 0.443331572488834 0.440779439886413 0.449957813551613 0.40383856159729 0.307866559419055 0.496113205284543
-9999 -9999 -9999 -9999 -9999 -9999 -9999 -9999 0.540281763879299 0.657564866584159 0.744307043059115 0.761524395658492 0.764998940580123 0.759864809202065 0.754681172183901 0.758052135766348 0.647779733307785 0.646327309529726 0.74535724624337 0.733676245615856 0.732430984516164 0.715420794595155 0.696906390226494 0.676734684430891 0.645306123097954 0.631200780733064 0.564349945351073 0.53951022420374 0.529823763576065 0.489106564307996 0.488339523997561 0.421165839835088 0.481752968841444 0.479471894349913 0.421062258495904 0.415069097089462 0.419216920715787 0.421239041859358 0.427773806345884 0.38934081837204 0.459437624642616 0.528426267270293 0.336305479550369 0.484547890759143
-9999 -9999 -9999 -9999 -9999 -9999 -9999 -9999 0.73405088506593 0.595172085704348 0.639260248554865 0.557631130734801 0.763650098141247 0.774334971283584 0.770862711391439 0.671687222402464 0.656741124561173 0.656376304844543 0.768941886557567 0.700730103973769 0.683771704722351 0.59634414477977 0.565435775172238 0.610495517350558 0.597179139792477 0.574827655815042 0.547497412468325 0.530280059868948 0.520904343258825 0.505968065150979 0.481804759511036 0.411001158418156 0.422161967320265 0.482541933648253 0.487986809043863 0.420472001548924 0.369218618216544 0.374456330933786 0.373679470889907 0.433852274539527 0.516717685499048 0.531289143890265 0.583362209975881 0.589159800325189
-9999 -9999 -9999 -9999 -9999 -9999 -9999 -9999 0.661130888082043 0.540891998924681 0.544679572893349 0.660743395912167 0.663170022679029 0.668987252495226 0.791707695891737 0.673751314482182 0.733662879754357 0.729202027080994 0.727747318273449 0.70379260856815 0.686937790655916 0.606520930959632 0.572956847410496 0.553468240053033 0.530702430718863 0.502126926272454 0.471477510012882 0.453014896313813 0.376694069574263 0.392985873051734 0.475995064398797 0.424650204490163 0.420864915550981 0.495724863693933 0.441359470127066 0.432531526386079 0.44440758492903 0.504839341926611 0.503648156525996 0.525077228184221 0.553711206230972 0.579391682854706 0.589440678169524 0.603235276516862
