sesion_7_reto_final/modelo_presente.asc
NCOLS 708 
NROWS 329 
XLLCORNER -7.525 
YLLCORNER 35.991667 
CELLSIZE 0.008333 
NODATA_value -9999 
[rows 171 to 189 of 329, columns 258 to 300 of 708]
0.0667850567454161 0.103952175453345 0.0465075481972327 0.0191342222301365 0.0471549099011669 0.103145683979753 0.0726042003397807 0.0705897334969226 0.0116803628294941 0.0604270323448134 0.0557037237504884 -0.00723094493536936 0.0453204013314564 0.0360726963548786 0.0366694329910947 0.0749771620805707 0.04326027855573 -0.0156888745541129 0.0364248648461544 0.039637797900538 0.0368276822093917 0.0199728615529676 0.0182187984194466 -0.0406507898055675 0.0126781319219828 0.00982823378842205 0.00693855321244693 0.00307238496367525 0.000142921945285722 -0.140882790956144 -0.086736511325455 -0.0604807294132493 -0.0332086773858328 0.0226121004935486 -0.00762919699467197 -0.036695094598024 -0.0648242869709939 -0.00876481443712615 -0.00665270932187548 0.0194041603782582 -0.00919519054142464 -0.00367623309881154 -0.031910335078748
0.0790020071827979 0.0856963645102795 0.0855770171830363 0.112671866053232 0.110758673150053 0.0556359058465673 0.0239370957092903 -0.0349324925157238 0.0726042003397807 0.0631973655935453 0.0584740569992203 0.0522353799258608 -0.00721287154780566 0.0388321869783068 0.0395193311246554 0.0488009450531938 0.045014341689251 -0.0236707483314463 0.0294194787416175 0.0536029379809869 0.0367878997669773 0.0479429241562799 0.0173218756314789 -0.0686208524088798 -0.0163479832389548 -0.0191580989301011 0.0060814128668936 0.0310822300094019 0.000142921945285722 -0.154887713479008 -0.198775891508362 -0.00238871664895973 0.0245650758391416 0.0234692408391019 -0.00462016909145363 -0.0607194240677358 -0.0595838066252817 -0.00833805019587137 0.0245650758391416 0.0251039566453796 -0.00770153111724085 -0.00182453169289808 -0.0327638397570143
0.029897295685749 0.0330256709162106 0.0912587400625941 0.0883292770442046 0.117315609762728 0.117254118265463 0.0846005295102398 0.0237779659396327 0.0155465310782657 0.0388547765845182 0.0304642119534936 0.0548068009625207 0.0495843940043721 -0.0186630891497667 -0.0225292573985383 -0.0123507206820322 -0.0188280924098782 0.0332458645479747 0.0293796962992031 0.0255930929352602 0.0227431948016995 0.0479827065986943 0.0180994510922034 -0.0136174324326373 -0.0714707505424405 -0.0752175714639689 0.00600184798206479 0.00311216740608966 -0.0270893476397165 -0.00196918316996495 -0.143034678513809 -0.0295016389067187 0.0262793565302482 0.00111940961808221 -0.00410299734006633 -0.0627628069234614 -0.00544836961989619 -0.00489141542609448 0.0241166263472795 0.0221636510016865 0.0103503984789025 0.0152509102304488 -0.0213267026035238
0.0856674484974122 0.0927523994867778 0.0094208749254935 0.0658998809383561 0.0930923680809439 0.118071476168601 0.0864341575285896 0.0248738009396724 0.0754938809157559 0.092961273772793 0.0891746704088501 0.0246052859167146 -0.00621467482015847 -0.0198384890346352 0.0323945976928753 0.0415351552393197 -0.0450440918796694 -0.0228533904283075 -0.0266797762346647 -0.0295296743682254 0.0245370403776349 -0.00775850639585825 0.0181392335346178 0.015289335401057 -0.0154908428934015 -0.0191978813725155 -0.0510341122245995 -0.0539237928005746 -0.000913130612339641 -0.0301779404277637 -0.170306730541226 -0.0281454001973418 -0.0345142672232482 -0.00576662915921145 -0.0626434595962181 -0.00774131355965525 -0.00471057660158614 0.0246735805410812 0.0250135491352472 0.0284204014626096 0.0153304751152776 0.0195763944006296 -0.0117498954623269
0.0888356061702881 0.0870417605943528 0.0387073937957683 0.00792721550130965 0.091736129371567 0.082437799327271 0.0776747082905317 0.0159154394895425 0.0663148981987032 0.0907768345349735 0.0826249645584354 0.0784803192127629 0.0672000740057632 0.0614424219086636 0.00129615985910146 -0.0171138117187716 -0.0200830571795756 0.0312531067599673 0.0282838612991633 -0.00148004688008435 -0.0322602251745429 -0.0359274812112426 0.0190361563225855 -0.0127205096446696 0.0125190021523251 -0.0472077264182422 -0.0501769718790462 -0.0680480626506812 -0.0270097827548877 -0.0289229756580663 -0.112015805564864 -0.0908522168540168 -0.0322032498959255 -0.0597935614626574 -0.0607700491354539 -0.00636336579542757 0.0218453914623712 0.0218056090199568 0.0284999663474384 0.033581316923493 0.013764481568525 0.0208494325578907 -0.0154279941243303
0.0850887852487597 0.0563013647423086 0.0881303648321325 0.0301974818375005 0.0864558665834403 0.0766584381753208 0.0177888499503067 0.0122481834528429 0.0654577578531499 0.0881656310558992 0.0848166345585148 0.0488755408031728 0.0673809128302715 0.0576558185447208 0.0543068220473364 0.0639464779576045 0.0619537201695971 0.00316369682941178 0.00121072148381879 -0.031243955059332 -0.0314428672714041 0.0208300018985209 -0.0370233162112823 -0.0397936494600142 -0.043381340611885 0.00873239878838234 0.00588250065482156 0.00201633240604995 -0.055178757570272 -0.0559563330309965 -0.00706137637132326 -0.144918931599877 -0.0290531656106132 -0.0581588456563796 -0.00120245033454414 -0.00241763266182714 0.0225831844806812 0.0247350720383463 0.0264674261170165 0.0274330711645094 0.0180284742414408 0.0218078468431236 -0.067451326014465
0.0812623994424025 0.0796891751333899 0.0823907861225966 0.0776674775282717 0.0086591350291659 0.070043645732668 0.0643221404106958 0.00728618020403145 0.0596386142587852 0.0555518247430908 0.0800535435217755 0.0734568244666864 0.0669215969088624 0.0590301306416614 0.0528927275079815 0.062033285054426 0.031133759432724 0.0600803097088329 0.0582466816904831 0.0571291376355926 0.0484998783500816 -0.0334754075018259 -0.038119151211322 -0.0397936494600142 -0.0425639827087461 -0.0463505860726889 -0.0222069092757339 0.00377039553957089 0.00185720263639232 -0.00612467114094112 -0.0609689613475259 -0.139758016138994 -0.0598658955852262 -0.0560973656088471 -0.0284274891572863 -0.00142307160146694 0.0283625456326316 0.0262902229597952 0.0302938119233738 0.0304927241354458 -0.0655091932941757 -0.0685580036398085 -0.011948807674399
0.0720942593506535 0.0469270816762275 0.0411875029666916 0.0729839513763612 0.0352562428073437 0.00360085077976817 0.0399556045236512 -0.0300111522606875 -0.00582769302131801 0.0478990531303763 0.0731783473697855 0.0625852701133778 0.058997578961507 0.0591277689140539 0.0493448187985251 0.0453773766100738 0.0172084017946895 0.0116677352972257 0.0161125667946498 -0.0405653514302848 -0.0341734180777216 -0.030903986465166 0.0183381457466898 0.012808345678773 -0.0426833300359893 -0.046549498284761 -0.105419086509775 -0.0524879892063689 -0.0884399255870146 -0.0890981537204958 -0.00291673102565074 -0.199575152219694 -0.143327610099057 -0.00173050528354924 4.89025721095262e-05 -0.0290242257935025 -0.00649355574797447 0.00144853558694454 -0.0591859583968942 -0.051124519734732 -0.0128565730876704 -0.0638817082501579 -0.0651366730198553
-0.0726565654174541 -0.103914133020886 -0.0221377593810502 0.061273330065063 0.0297951411947087 0.0528827654340384 -0.0218434467197525 -0.0114479244036107 -0.0152345277675535 0.0372770360568579 0.0356423202505801 0.0348647447898556 0.0254072849759021 0.0284271555044241 -0.0652876914758923 -0.0647668840572179 -0.124873363664366 -0.180195043179923 -0.180654359101333 -0.132815454999285 -0.122398223628292 -0.117862984620736 -0.125230048374289 -0.128875595356138 -0.132821328489739 -0.137544637084064 -0.140474100102453 -0.198605895309157 -0.228369803488405 -0.201416011000303 -0.142228163235974 -0.201567910007701 -0.199506429960169 -0.0543179983255024 -0.00431636404048574 -0.112037490815472 -0.115205648488348 -0.114927171391447 -0.0569147235119859 -0.0512836495043896 -0.0640516806451193 -0.0080319905536659 -0.00900847822646239
0.0617905018164503 0.0626078597195892 0.00369848905216069 -0.0852134844490019 -0.0880633825825626 -0.0940018735041706 -0.15540310032343 -0.11914598485194 -0.122813240888639 -0.141262994908927 -0.111759490439016 -0.114012651936361 -0.115726932627467 -0.115965627281954 -0.0360011726056175 -0.0984367429276517 -0.0407244811999424 -0.0105627485965507 -0.0440445378802161 0.0104597837322027 0.0223345277522517 0.0154195491578473 0.0177703489275844 0.014023528006056 -0.0486326635829009 0.00449734593257729 0.00136897070211572 -0.0276969269012363 -0.00094204662520699 -0.0037521623163533 -0.114974184596121 -0.204595011298483 -0.118413588603638 -0.172321173579841 -0.113690280009313 -0.0605602704938348 -0.00368344005682816 -0.00153155249916308 -0.00087332436568185 0.00042142284642996 -0.00593072806371891 -0.0139053948830357 -0.0595815449978715
0.0567091512403957 0.0556133162403559 0.0385993658142742 0.019871134697086 0.0431576711484877 -0.0159325383434492 -0.0775724598171952 -0.0834711682963887 -0.0463569124793449 0.0197617494437857 -0.0376141793570445 0.0184055107344088 0.016231914121893 -0.0376937442418734 -0.0413610002785729 0.0117690092369052 0.0123078900431433 0.0130022649517519 -0.0164144438710698 0.0153422220961853 0.0537295160704901 0.0551870287195466 0.0483696883975347 0.0191844434669394 0.0119512053332197 0.00595122291434673 0.0343806014390683 0.0353968715542791 0.00543405116295943 0.00218632860525458 -0.00719156632387011 -0.149251622728075 -0.00603423982656528 -0.00643206425070935 -0.00647184669312376 -0.00573405367481366 -0.0607772560934705 -0.0586253685358054 -0.0549798215539566 -0.0232629380291159 -0.00933034962882133 -0.00217667637993046 -0.0574802825079245
0.0385993658142742 -0.00548772442715204 -0.0109886084822014 -0.0273443307748019 -0.0165292749796653 0.0380546115175823 -0.0250789693803474 0.0268756402502622 -0.0363772879749108 -0.0401638913388537 0.0142608653887363 -0.0426159650482703 -0.0407425545875061 0.0166912300433022 0.0173096757343691 0.0296003175661258 0.0396992893978032 0.0395401596281455 0.0415726998585673 0.039984997256964 0.0536897336280757 0.054018859596938 0.0453281088141619 0.0463045964869584 0.0425614112327171 0.037429411784701 0.0383263345726687 0.035874260863252 0.000262293076772329 0.00100008609508237 -0.0868160524060405 -0.0527664424990264 -0.140882767151901 0.00114114247717636 0.029689868329141 -0.000591211601493935 0.00441057408973186 0.00371256351383622 -0.0511317266927486 -0.0501154565775376 -0.00653830732523873 -0.000683016955746667 -0.0514803000890515
-0.00863780871246437 -0.0150247491259344 0.0429587589364157 0.013733731563406 -0.0195491455081873 -0.0223701276288807 0.0251902993762663 0.0178955697452815 0.0215953774621356 -0.0431331367996576 -0.0988345673517957 -0.0411223056240865 -0.0371765724904861 -0.0434260921891492 0.015841320460009 -0.00862061587626137 0.010043885920495 0.0396992893978032 0.0369904476463363 0.0346577212641629 0.0517801763921842 0.109713059386816 0.0483407723846674 0.047483632039114 0.042163586808573 0.041874243282125 0.0347097274079305 0.00470712457419642 0.0046275596893676 -0.0523686180748823 0.0068987945742759 -0.139696500837485 0.00254439439122763 0.00176681893050318 0.0314728712797728 0.0318309132615024 0.0339430183767531 0.00710857321589494 0.00190787531259711 -0.0536127164150326 -0.042871352014271 -0.0421769771056623 -0.0428460478644472
0.0411540707351765 0.0375663795833058 0.0377074359653997 0.0390419656199259 -0.0755326888245133 -0.0247136966363578 -0.0262760783200667 -0.00103656652307201 -0.0412416529513297 -0.0993119566607686 0.0152771355039472 0.0146767632004441 0.0161415066117605 0.0178160048604527 -0.0335020856915264 -0.0401494298143337 0.0193313733394872 0.0143693700906759 0.036820475251375 0.0306830721176951 0.0459827418526703 0.103695003580379 0.102866803051937 0.0460080460024939 0.0428218149420542 0.0375596255414913 0.00992953153234495 0.00797655618675192 -0.0480431339047014 0.0109060192051415 0.00788614867661945 -0.129233613533624 0.0137450747133985 0.00512668185743458 0.0121718504043859 0.0129892083075248 0.00723878697268525 0.0375596493457346 0.00482649570568302 0.0916878555888601 0.0394113507516482 -0.0470304756525342 -0.0485856265739831
-0.00787107587704357 0.0110719030166136 -0.0200482438720109 -0.0124352547017109 -0.0141712444476682 -0.017078998411207 0.0317472359889411 0.0489144426942266 0.0236857735225355 -0.0423157788965187 -0.0372344283204641 0.0131324787085422 0.0450482744454549 0.0213024220726439 0.0253964423505984 -0.0347064015892623 -0.0363230440079764 0.0189407796776032 0.0434750501364423 0.0431784996519778 0.132044817220272 0.110291722635469 0.133368504249495 0.0478236006332801 0.0492594042274857 0.0161862819932682 0.0133580929145581 -0.0446145725224883 0.0131193982600717 0.00916282250116756 0.014323737962051 -0.125316796412891 0.0189964214886578 -0.0389979530032393 -0.0344518475661356 -0.0633983978422444 0.0150398457297537 0.0434692242544752 0.0462576308907707 0.0193544634703875 0.0163056531247548 -0.0464518124038817 -0.0417285038095567
0.0238060252053827 0.0777931750664143 0.0428285689838687 -0.0148981710364312 -0.0175093745155055 0.0368755997696701 0.034712845782458 0.0252481552062444 0.0206948190068808 0.0186261320013316 -0.0393248243808641 0.0190637388678901 0.0492761203432433 0.047887329953712 0.0232047723505189 -0.0345472718196047 -0.0296648334556221 0.113693605827981 0.0997262279243654 0.130097715365133 0.052011664088654 0.0519501725913888 0.0513317269003221 0.0494185339971434 0.0217884399879971 0.0211302118545158 -0.036064878121806 0.0205334752182997 0.0114557664409266 0.0150217485379466 0.0154376463496544 -0.14418021042172 -0.0293017747305559 -0.0346543716412514 0.0308915005236807 0.0203634860552677 0.0318462791416264 0.0466229036347604 0.0517259632656658 0.0499827427574484 0.017907817250878 0.019253189530708 -0.0381227392701223
0.0466838946073367 0.0469225892618232 0.0482173364739349 0.0501883852070917 -0.0133249467274185 -0.013762553593977 -0.0252634200678995 -0.026048226290884 0.0537498678535347 0.0504442894658519 0.0519994403873008 0.103172838889899 0.139374360158822 0.136538899745537 0.0252192391933771 0.0228286569812256 -0.0282507389162672 -0.0297046158980365 0.0164706325806229 0.122094132532949 0.137943525699466 0.0587638772461138 0.0537403825000372 0.0514402316022615 0.025104884805227 -0.031131790885862 0.0205407059805597 0.101738416371743 0.0193472327081275 0.0179620779858832 -0.0288713986262574 -0.051890300606062 0.0295750442567182 0.122729325180189 0.0487033614254607 0.062040546657102 0.0697584454343687 0.057592120064705 0.0579212222293238 0.0520478584722681 0.0489881816970882 0.0143707511667254 0.0162658706823404
-0.0187982482371634 -0.017344371255394 -0.0171056766009075 -0.0471082794346417 -0.0219483325224757 -0.0113104798845604 0.0413819227643594 0.0413746920020993 0.113505536241213 -0.0295382385980482 0.0530735663324898 0.0285067441934963 0.0212915794473403 0.0337291511516448 0.0339280633637169 -0.0528537316346313 -0.0277624831777472 -0.000888255574474646 0.0239136493559616 -0.00267125852510635 0.0235085941695576 0.134629342509646 0.0486757718439835 0.0236749547014751 0.0193892529737087 -0.0222059811158865 0.0264900633317147 0.0498380912803816 0.0275099691142126 -0.0295477001473023 -0.036715851688784 0.0314882371598968 -0.043246579796031 0.0669844765183497 0.0816824404822589 0.0561766514854731 0.0530229721051878 0.0468783382092478 0.0127636417099956 0.0407843293810259 0.124133927329874 0.110911549402585 0.0849559536421308
-0.0747781558862023 -0.0131165253576056 -0.0160676974308459 0.03513104579389 0.0224547794350991 0.132547057762867 0.130973833453854 0.0634821929013454 0.117035371563106 -0.0289197929069813 0.0601983235685134 0.0601946879012262 -0.0209957917276967 -0.0532804720716428 -0.0163628906435043 0.0366767113618415 0.0409334327001831 -0.0485897151574723 -0.0462569887752988 0.0326297042885615 0.0277400351623189 0.023020362235281 0.0512761326977542 0.0197979438273999 -0.0298854309183015 0.0339909359370315 0.00461398575238092 0.0561563332385699 0.0300777544835855 -0.0234789954689042 -0.0170196971286219 -0.0278370313192394 -0.0450802078143807 0.0404357797889665 0.0675631397670022 0.0562092031656275 0.0540139380705751 0.0912186013977512 0.0397969990829257 0.0388494274229966 0.121385303135993 0.113323840669587 0.0860481529748836
