sesion_7_reto_final/modelo_futuro2020.asc
NCOLS 708 
NROWS 329 
XLLCORNER -7.525 
YLLCORNER 35.991667 
CELLSIZE 0.008333 
NODATA_value -9999 
[rows 76 to 94 of 329, columns 440 to 483 of 708]
0.227502915356171 0.139899423823345 -0.0143794846429245 -0.178636471429228 -0.0511864022779498 -0.111474892029684 -0.11734619754496 -0.0295257236003213 -0.0663821468754527 -0.0398738713114569 -0.0452151653678826 -0.0164776059819481 0.0671409686372872 -0.00669915563632371 -0.0164472266670346 -0.0241731765541747 -0.044913727942079 -0.0195471321385913 0.0693632308969636 -0.0152439365034899 -0.0568536819175527 -0.0179911270213477 -0.0301779295818507 0.0248089520201198 0.00593514976701065 0.00147429709364775 -0.0915343839281265 -0.079234180294995 -0.0784055295815241 0.010048537161148 -0.00985125875035512 0.0399221196602344 0.0372267198119684 0.00623618021993138 -0.00551573740236727 0.00682330036421622 -0.014603486264523 -0.0244672433973483 -0.00178987765307387 -0.00911589197589455 0.0354094408423117 -0.0483606210261323 -0.0567126290073469 -0.0319415398253126
0.215834019491588 -0.0669696056512503 -0.137057957103288 0.0145956167362911 -0.0675849238973007 0.0817571961358342 -0.0376142081746048 -0.0337771285658307 0.0614394249232038 -0.0561567068286936 -0.0291823152383704 -0.0363506725229296 -0.0324100115749716 -0.0224761892205714 -0.0817662664576433 -0.0273369774582537 -0.0312258477366197 -0.034855764667026 -0.0292037265930488 0.0241753592220863 0.0260421083568814 0.025575992330554 -0.0667571249570395 -0.102081239499091 -0.0369198567467441 -0.0405002680370442 -0.0966806200691148 -0.0259707805819742 -0.0259091701789375 -0.04098786375942 0.0525232475774727 0.0932798979370289 0.0967763673550346 0.028365025138198 0.0226459548290032 -0.00460263167490517 -0.0284284639267749 -0.0379296863724567 0.0138317839223982 0.000170633087460459 -0.00658339884036342 -0.0345440981824188 -0.0349164526030069 -0.145222371179178
-0.0930635558585107 -0.102032481815857 0.117434538773282 0.0995349395089744 0.010539269686219 -0.13033041973081 0.0133475574654167 0.0101837565613377 -0.011054141941017 -0.0789528954777775 -0.020802212971728 0.0334452094635395 0.0297117111939493 0.0296599205243574 -0.0304093017860792 0.0278547817925988 0.0517735238769983 0.0197167915782091 0.0374489140708103 -0.0369417812431192 -0.0187953333937827 -0.0479495031659382 -0.0425961043465821 -0.0544721628895335 -0.0992402873754943 -0.0959135797586806 -0.0363127585040571 0.0146374155147306 -0.0306289762002601 -0.0896876812331035 -0.0110182346251087 0.0358145988986048 0.0430285770637033 0.0680562307478739 0.0417390245234105 0.0330002723291916 0.019287330824662 0.00532754073510304 0.00362690345710786 -0.00271051808449477 -0.0117479095333349 -0.130236587431225 -0.126707966810517 -0.157940618454807
-0.171541316168939 0.113298819909886 0.11874141027601 0.0197792537544553 -0.0513775754338201 -0.0860923067036995 0.0647022371074952 0.0823307782609125 0.0270140263161977 0.0314869837524909 -0.0238624325366231 0.0291397287989524 0.0255593175086523 0.0244222078071156 -0.040209163486382 0.0159711885456885 0.0352196302488717 0.0102673598021194 -0.0269873993072501 0.0072468261438857 0.00329406043299733 0.00184163665493765 -0.143404450421463 -0.116015733474405 -0.121978515565934 -0.0526693091872608 -0.0763687838303621 -0.108933603091626 -0.0484753515386993 -0.0543126277946692 0.0150604740165261 -0.0301420222659423 -0.0869317575701855 -0.0215243780060186 -0.0151289960057713 -0.0244869512056076 -0.0408975775878889 0.0189028716411434 -0.00753533870127734 0.0203614652082558 0.0159966591701177 0.0064954367244361 -0.145396530881634 -0.033516332636236
-0.0633307207606088 0.166677905725022 0.0799824367189892 -0.00505116080113 -0.00474270181306414 -0.0382098869537657 0.0501307787162779 0.068536179913574 0.0532610635027481 0.0274404564358634 -0.0356867004099826 0.0143611077293674 0.0150343864340624 -0.0467957186424997 0.00969766243660817 0.00471890306732599 -0.000789867760805914 -0.00790643437577328 0.00262078172830228 -0.0104585669781938 -0.116595250573361 -0.121056103246724 -0.0187686040232612 -0.00957812559513101 -0.0106702997155329 -0.014455588654715 -0.0155356580121866 -0.073415282407346 -0.0156448959987264 -0.0422325433760452 -0.0804494007112863 -0.129915406722195 -0.0738288162958631 -0.116494934683233 -0.089273694507881 0.0187055286962203 -0.0340618888172562 -0.0483347079538524 0.00345045872516665 0.0015716048274411 0.00415360360307856 -0.00393716600069069 -0.00793715232219956 -0.0710269082908698
0.0750675727822294 0.072564945819915 0.0143624726442736 -0.00711525288084818 -0.098267004501272 0.0341586872165928 0.0615474041636513 0.0715567135718076 0.041749824676426 0.00471433300835456 -0.0584105388080057 -0.00560343538786757 -0.0553503192431106 -0.0289974156878905 -0.00836044563917018 -0.0142317511544456 -0.0064540105977136 -0.0104585669781938 -0.161524168900278 -0.1357530674735 -0.0221493873391525 -0.0294213259628957 -0.0330535279227877 -0.00473029389358873 -0.0125621101493983 -0.0425869015711719 -0.0658553760356359 -0.0976951259226128 -0.096168986978586 -0.0349361604112663 -0.0406675702985666 -0.105807028554539 -0.0453113761244364 -0.0507348401653675 -0.0508528112969675 -0.0402859092862304 -0.0933663558467443 -0.0869449924328471 -0.104826317145171 -0.101154429278618 -0.0351299595806113 -0.0428702992601675 -0.0471712098657832 -0.0675720028361286
0.0674429192047875 -0.0198717528068623 0.00798536519600933 0.0365157619035761 -0.119839343405342 0.0255621156798347 0.0225956577206787 0.0184973397344593 0.00674855891485579 -0.000925600302692332 -0.0688341735728974 -0.0751594903515697 -0.0395246317919661 -0.0130284609909008 -0.0735241134210032 -0.162860906576224 -0.137193386488629 -0.130399668654144 -0.0315470284456504 -0.0306147963929957 -0.0390802054468388 -0.0209832632376085 -0.0318851187917579 -0.0369179538601177 -0.0341068679097376 -0.0624576830826677 -0.12879061176874 -0.0651213387011139 -0.060586770861784 -0.147295431219131 -0.0733092415284926 -0.175636426658617 -0.0650388903900868 -0.0209249182836283 -0.0606768825231312 -0.0470376561845685 0.0132266240413054 -0.0267842935461571 -0.0419679333807295 -0.026629434679078 -0.0693898278138842 -0.0106815527052537 -0.0230312619784915 -0.0975758960449205
0.0708465471316334 0.0774331022877511 0.0689775129673526 0.0458066848681947 -0.0047193440604129 -0.102768394854506 -0.0189403725274171 -0.0199882906821861 0.0415637347212237 -0.0127475831465661 -0.0134726525208531 -0.0327523253121591 -0.161749092988932 -0.160153401965027 -0.15357895157184 -0.0954921644983131 0.0423761175856755 0.0320859303331845 -0.0231911357048687 -0.0065466172736981 -0.0225330985657993 -0.0370648710503551 -0.0553203220710564 -0.0775566330880739 -0.0775963189947354 -0.108593028375825 -0.151931060552984 -0.152333281146789 -0.111240929286949 -0.109049046342186 -0.195479627026381 -0.0388351890545898 -0.0341694587323449 -0.0346561343401411 -0.00655216775224026 -0.0515297399460545 0.0213897438961353 0.0463871220817301 0.0609585804729474 0.0607812839677965 0.0879440505428075 0.0291597752387245 0.0961659826294917 0.00250458248449143
0.0124864169177305 -0.0834766173002694 0.0620824988231691 0.0333632139892178 0.0322215342287097 -0.0322147791493505 -0.0617832742782415 -0.0296206756107827 -0.0519087772973921 -0.0770682104225121 -0.0860515261722745 -0.111015901381957 0.0424124318744666 0.0332075636539204 0.0314300060658931 -0.103399980949575 -0.0183905929553169 0.0278598214819205 -0.00226009646049857 -0.0185452170072209 -0.0488494530170531 -0.0862184649722606 -0.129893154239251 -0.163798361120852 -0.141313836603899 -0.149426765519219 -0.190585019514545 -0.173957410720452 -0.138091179956619 -0.225642880819854 -0.0529250550386791 -0.0503211317666665 -0.0115644432391313 0.0035057955228127 -0.0126824266154753 -0.0542372445572509 -0.0358264215277738 -0.0174178835277824 0.00855369764661434 0.0197443727219402 0.0368040682830558 0.0450381051326704 0.0514076778769757 0.0364312007207709
0.0108268304613031 -0.139136777606935 0.0363814626179658 -0.00865103704813561 0.00564005664044366 0.0074032244360549 -0.0855116949799801 0.0121809909160221 -0.113536289754558 -0.115881259678611 -0.0537502303179418 0.0263299039471406 0.0333606506332105 0.066909492616721 0.0386777351637753 -0.047122902666778 -0.139983746383735 0.00597445353081278 -0.0199930707263092 -0.0687072779924088 -0.0669547817034519 -0.129106474461927 -0.250425468451728 -0.339020621227098 -0.236511534057884 -0.184389197147337 -0.219118553024807 -0.209260965681035 -0.159572042284436 -0.282271074326269 -0.0808888911834298 -0.044413277147425 -0.0282759939055194 -0.00190167899562095 -0.00858867868822731 0.0024046534421756 -0.0354143812005241 0.0567543961180584 0.0591810228849201 0.0889995034015355 0.092195455508317 0.104162990627522 0.00185585193716993 0.0414001403566084
0.061215761933118 -0.142178722619847 -0.179939283662205 -0.000894707846082058 -0.0030204103288368 0.0255617770483217 -0.0159747663414706 -0.165799677222835 -0.0374486071070253 0.0192473665914788 0.0184485820512247 0.053617324584501 0.0504293141545612 0.0545132423483646 0.0189698603650144 0.0211542086058182 -0.0806306254873506 -0.0118499973112514 -0.0706533989405269 -0.0878189608703121 -0.121713427903889 -0.163740635477383 -0.234642499893603 -0.411823463377626 -0.452701352670315 -0.266061137676757 -0.239320638135323 -0.227111911078445 -0.255857925282918 -0.185845060884637 -0.0912187643425823 -0.0551056849937211 -0.0687935651991803 -0.0445351330385919 -0.0204526324682482 0.00661865753050932 -0.0356094391159613 0.00255876435238297 0.0790563744553872 0.0815744777985023 0.104121019691375 0.108971988195612 0.0672640832745464 0.0182605433455736
0.00399959650920897 -0.0123136183229413 -0.0919634377087909 -0.199364508728843 0.00841762647321503 -0.052014130524365 -0.019159978600228 -0.0871012162148325 -0.0398332629377397 0.0153584963131128 0.00865625505488089 0.0370214600202271 0.0129496309565376 0.00889328390646545 -0.00313357658629029 -0.0138898798651086 -0.097925064870565 -0.0818502438049058 -0.0817261028842529 -0.0962578753688088 -0.140803699427114 -0.22954041590191 -0.400530875034568 -0.38893746622374 -0.321184264962311 -0.331261354562557 -0.391597985039491 -0.356513184378509 -0.191469517814883 -0.105503688242109 -0.107774943000195 -0.0923627291325761 -0.0843559014011014 -0.116063803505759 -0.0825934815623619 -0.0542671107304677 -0.013845413914324 0.0163851069295411 0.0298965424030591 0.0242006553363317 0.0364248587740104 -0.0371568252933376 -0.0369076916788225 -0.0404742263184033
0.0391348229248764 0.0308368906427394 0.0290737228471282 -0.0285781792881947 -0.23145475714524 -0.299925493076998 -0.100365803103321 -0.187991219132523 -0.0235834303964151 -0.0862542909493784 -0.0287273815079177 -0.0370351335234994 -0.0393679986846219 -0.0815451564347103 -0.111786930268296 -0.0911499602195757 -0.0973320097524027 -0.0638563697931626 -0.0569925867371022 -0.152084999305484 -0.145635541606159 -0.238273233122251 -0.238223727482145 -0.245961782132215 -0.110103516428867 -0.162434684089234 -0.187946832168052 -0.273631783896491 -0.285577907661018 -0.26486722244633 -0.170189135234684 -0.168985845071139 -0.154454072586584 -0.078807444666308 -0.060695260891452 -0.00667859370237871 0.0814367385536518 0.059027632749085 -0.0699241310051836 -0.0352091649201292 -0.0864425018127374 0.059518834904506 0.074598380258198 0.0756761645861838
0.0429696175041647 0.035036504938657 0.0131931079236965 -0.0297716497182947 -0.0879223322243443 -0.109699548777297 -0.0558543469358342 -0.202604648459887 -0.161504354923205 -0.105013258873583 -0.106362101312459 -0.119959356714874 -0.132849817294986 -0.10634154173099 -0.0409645414817365 -0.0435684647537491 -0.273172585616089 -0.263818280360644 -0.270675893627652 -0.217464284584223 -0.207438985653569 -0.0784878388573353 -0.0872639919287299 -0.158597604480459 -0.190240011422513 -0.0973250920064781 -0.192563056850191 -0.244738852501781 -0.189151894219386 -0.131768252023771 -0.214809594573536 -0.217549250387435 -0.205194971055226 -0.179401093358863 -0.130322066376134 -0.087256760381316 -0.0707934915562332 0.0380882696850137 -0.110708362508471 -0.123291729015423 0.0297222788842657 0.0291899823959304 -0.0137775734172434 -0.0137828230917166
0.0281271010020573 -0.0508494396790972 -0.0602326909931789 -0.0584909345522461 -0.121257841740434 -0.102755028993007 -0.161649907198536 -0.181023341595582 -0.181075132265173 -0.128213953145958 -0.141552255200413 -0.155946930228177 -0.0845950431244639 -0.0657730315409466 -0.0465031784830852 -0.196895501700475 -0.252464185430887 -0.25548471908912 -0.110147155436466 -0.127334641862626 -0.135072696512697 -0.144573918958378 -0.140788630019196 -0.100488892910557 -0.102252060706168 -0.192304103502231 -0.1136102125532 -0.124812992391457 -0.219965650447969 -0.200655598341749 -0.138966475481547 -0.14315627004402 -0.145540925874734 -0.135368709753843 -0.117155229669289 -0.0977437090956634 -0.0659870493077715 -0.125909867569667 -0.0339392849692175 -0.0858780517692233 -0.162924461024757 -0.0756294284799967 -0.00492483866732933 -0.00384933936882931
-0.188263710499689 -0.19547175369091 -0.204857290034477 -0.265392628371241 -0.265724783743471 -0.262168068837335 -0.271916139868046 -0.181390446341696 -0.13125589815887 -0.156674284631949 -0.0767914933117898 -0.153303321049503 -0.0682300376227218 -0.0150581144859545 -0.0228997504752087 0.0390880116396149 -0.0766230964255042 -0.266828481143736 -0.209156019426945 -0.225051024142792 -0.0839648654556474 -0.1484529695033 -0.187885221765016 -0.125897459650192 -0.195830439093454 -0.0904211099020594 -0.100482209979808 -0.130504716372096 -0.345805638782926 -0.385215966548267 -0.313510851349158 -0.312112503270176 -0.345037572189098 -0.30810566186021 -0.154490212365191 -0.27935286090865 -0.126578166890032 -0.118070786900042 -0.100594480952705 -0.0850885054793474 -0.216850738225962 -0.0682336875671138 -0.0543476126435219 -0.0357319119651628
-0.00944999374609736 -0.0141278288312726 -0.0255377713478966 -0.070524650133459 -0.130697453783079 -0.219869055196079 -0.294799068560607 -0.310263073097817 -0.299796954255081 -0.304980591273246 -0.155485384260821 -0.209695405818912 -0.0665750212252658 -0.0380446245176992 -0.0478048003113405 -0.0192226129341819 -0.0608202535853143 -0.067414343445391 -0.154802217481311 -0.297518096451667 -0.300572146227509 -0.311059676424923 -0.308675020594209 -0.312159385249284 -0.270148271014626 -0.241928618324611 -0.260231289955932 -0.290475348819004 -0.319130738220433 -0.40069909741067 -0.401880463077839 -0.259319956116259 -0.271610340015946 -0.418378916091982 -0.384339748556284 -0.375161374891084 -0.363687536941938 -0.366747756506833 -0.339202815777789 -0.272714515082941 -0.256794214252848 -0.109055319947577 -0.0689101030745042 -0.0578626952450236
-0.0478297577940731 -0.0774173792481567 -0.0860260555478453 -0.0891898564519243 -0.15216392631848 -0.127265731570806 -0.158545603825716 -0.172942563882965 -0.176695188477748 -0.177107228804997 -0.142458677997126 -0.136291018256715 -0.264112590055372 -0.253554994636383 -0.0372342483562115 -0.0352639178822325 -0.0540470953322978 -0.0688896118344051 -0.077579024862323 -0.187513953932812 -0.280221710670479 -0.278906384349212 -0.288459397464486 -0.313807718715991 -0.312096341589971 -0.298408461384512 -0.243473370452133 -0.272399817964452 -0.33941813011815 -0.332335079620791 -0.398522456031533 -0.335072450405205 -0.344561568087956 -0.28855714764613 -0.300640368867449 -0.294976226030541 -0.341186954561117 -0.329870773650232 -0.410327832394874 -0.219905978406526 -0.154081136682929 -0.134052698133172 -0.099867978322142 -0.0912075113528615
-0.0770548445610132 -0.0896559724782516 -0.0962943183039612 -0.107652470150993 -0.108170376846913 -0.201696964564606 -0.143131956701821 -0.148317878749471 -0.190021385769273 -0.116593301822912 -0.100021133642802 -0.0882509414685201 -0.0790725678033204 -0.0793002900631569 -0.213227059425978 -0.118134646857596 -0.0877999631914807 -0.123346481977526 -0.1294043905897 -0.102598327544293 -0.118582523806908 -0.0927055560114603 -0.164557075259109 -0.289269773625974 -0.357232422595256 -0.123730976636012 -0.325675322440403 -0.242709466944394 -0.257052351302566 -0.290043600683495 -0.304730745176827 -0.311058346984985 -0.282165415590274 -0.248853602458349 -0.252328147379979 -0.274104512159722 -0.216772660633699 -0.290268524772149 -0.266579789977072 -0.190974212878364 -0.174679272598197 -0.171119420889366 -0.152160311849056 -0.111586379826832
