sesion_7_reto_final/modelo_futuro2020.asc
NCOLS 708 
NROWS 329 
XLLCORNER -7.525 
YLLCORNER 35.991667 
CELLSIZE 0.008333 
NODATA_value -9999 
[rows 38 to 56 of 329, columns 308 to 351 of 708]
0.066969303949469 0.204063011019064 0.21033882215763 0.201979279472457 0.228216496925563 0.223847120828453 0.186074455023164 0.0719010775233057 0.0220969811662898 0.161639239499122 0.131104996199967 0.142198772866859 0.140021279714512 0.125230553881997 0.0806123795726308 0.0183017686773253 0.00859338355327581 0.0681446991677931 0.0560516582130293 0.00424685206712102 -0.0733906659086025 -0.078433320710407 0.0487943441968775 0.0574548111661579 0.0674123299047223 0.0880104658199907 0.0524305347326743 0.0664421154918251 0.068932637691209 0.168641274941729 0.184260651487716 0.188161626529012 0.148482525682267 0.145175457532342 0.0706200836178892 0.144636991254954 0.160615765685389 0.178124735977125 0.241710987287036 0.299807594094008 0.238723969746411 0.236534371831134 0.244571065735826 0.192383165321305
0.121645441533888 0.186434469865647 0.206967858575184 0.217774587608688 0.227905752908011 0.194384492068232 0.185504757657653 0.0311199828227138 0.169261608047078 0.0123885960422405 0.0334184800930179 0.204031162972907 0.132697550421177 0.119721783053865 0.0784227816573538 0.0200649364729365 0.0652398516116737 0.0632177304681028 -0.0838531348069463 -0.0337017453284124 0.0712834387728018 0.0660359063221153 0.0774953544788456 0.107258907523174 0.114777694731946 0.0367570824876104 0.056578358359 0.0420283113224611 0.121742026140833 0.136170217286205 0.168549798365476 0.16491988143507 0.169545925850653 0.143518156105401 0.0626748662894511 0.0962335280064061 0.160980585402018 0.166613497150802 0.157953030181522 0.296996508143627 0.225279801323286 0.229844235335832 0.22086091958607 0.230142874590454
0.19106051428123 0.182856343604833 0.178333880528433 0.200216111676845 0.196056183287589 0.186865704859459 0.124658675303338 0.110282274827558 0.153849394179459 0.148922425479769 0.0613273887654814 0.0185759635909106 0.00622168425870143 -0.00628796708228343 -0.00639154842146728 -0.0785538116866678 -0.109261701546581 -0.0761150801568758 0.0618072776261904 0.0545353390024473 0.0920575062783148 0.098229736077697 0.110383022520591 0.0667002170665752 0.0647695724992577 0.141185525759453 0.107158462986685 0.0649401860736592 0.0631770182780479 0.126940052951413 0.137324001809643 0.164465870171673 0.165762921940957 0.129970406343092 0.0598097046399933 0.124919296722749 0.112320453834996 0.148762551753392 0.216277359248331 0.223692565117919 0.211317726204241 0.213598800695772 0.205757164706517 0.205446420688966
-0.00574970014510267 0.0130723114384146 -0.00473666302284885 -0.0144450481468982 0.0342044119134697 0.0264663572633993 0.0172240881656772 0.105616544505313 0.144360276496708 0.128168917555725 0.0993460513825899 -0.0400926256110583 -0.109145163671257 0.0205310524992639 0.0217763135989558 0.00610514638337758 0.00579440236582602 0.0525771132913987 0.0618072776261904 0.0864366992924607 0.0389891644807313 0.0590381626119574 0.0535629079014344 0.12671764870742 0.141858804464148 0.210670663728371 0.123142659249301 0.124025385661849 0.126370355585902 0.071020939296788 0.135198299326889 0.129805214600871 0.15029663237426 0.127780808427814 0.0773163899022434 0.0626931408414342 0.110471979252184 0.138378602895162 0.138844718921489 0.205373218664695 0.194297716549787 0.195022785924074 0.260670844284217 0.254500899514321
0.158264322815738 0.203698191302435 0.186512989905761 0.173381850529672 0.113717133842527 0.126245059735495 0.113165711028999 0.0141303524831733 -0.0565276963343755 -0.134103603907062 -0.104050718199861 -0.114538248397275 -0.0422853603290306 -0.0385000713898484 -0.0497644616311414 0.00978685398337586 -0.00603968524097818 0.0575558726606809 0.0524614271892845 0.00587605920863479 0.0744686510315591 0.109792765573611 0.119750284312176 0.132525058790173 0.140978363081086 0.142637949537513 0.154785066191354 0.149133028117377 0.134098590502528 0.129223412472429 0.0727841070923993 0.129793109837941 0.12657751826427 0.128298715123734 0.120520974567002 0.067205784184389 0.113894733504223 0.108188619731168 0.133814168882615 0.121822424237549 0.12037000045949 0.17136443044391 0.17853278772847 0.119449873169765
0.233129588974533 0.212242120396392 0.202274781924383 0.198425597552678 0.189390491133324 0.207156129743534 0.196101187210094 0.149771635774709 0.144326760379099 0.108295851014743 0.0354915401329712 0.00703120864697956 -0.146470839775411 -0.0961823528400849 0.0103565513488871 -0.000959629561997859 0.00127193928942645 -0.04868439227367 -0.0539860004234341 0.0998687629526557 0.0794474104008413 0.092514654344407 0.09151852685923 0.0948376997720848 0.139196920733491 0.15639286197819 0.152245038351864 0.154631979212064 0.157275588390738 0.134552601765925 0.133203759327049 0.0800318361902815 0.0843989272579053 0.128237104720697 0.128352790822811 0.11528326184976 0.0497173734741219 0.0940216669632411 0.115551183157955 0.113992893011225 0.11238509722439 0.10481223431654 0.104242536951029 0.102065043798682
0.210652599161539 0.215631358530821 0.191735461057377 0.196473541630682 0.203578003482719 0.198172813993771 0.186804842413294 0.138556751173522 0.1193806597214 0.103149614873755 0.027494532134941 0.0233444234791297 0.0168516299287513 -0.0190542867417423 0.00427808315524396 0.065955101252516 0.0826331358012953 0.00318065936036885 0.0306425783316978 0.0248748541556063 -0.018235968903413 0.0460328677029412 0.0417693579745014 0.101372464258611 0.10401835846677 0.132323317943986 0.131442876560923 0.163603190198896 0.17023925099512 0.168569844805248 0.150835437283161 0.151301553309489 0.0908180056423167 0.0894294772967794 0.134564706528855 0.119680219090601 0.0507433671325158 0.108075218658539 0.094746736337528 0.113788015362343 0.103934077962963 0.101029230406844 0.0974488191165434 0.0900215084840245
0.197262506437492 0.275459902045282 0.198443872104661 0.186765156506633 0.187751464258365 0.17550076626534 0.14914786271012 0.143535510542804 0.0724608513390345 0.0543844687112731 0.076817270900004 0.0199636401632384 0.0698560762938124 0.0660068919221079 -0.0705787281850128 0.0618469635328519 0.0255602376232318 0.116080681475108 0.111866677386774 0.0975452043832811 0.10589492733501 0.0408889165914387 0.046489163995824 0.0368142949893833 0.0378523934107075 0.0663645155662911 0.140517668886939 0.149437089204179 0.173911138861674 0.178525078514327 0.184487860605856 0.154349668111453 0.161621606735197 0.146584032317652 0.0803448652373188 0.0693492480774302 0.118319271888794 0.0630855417017945 0.10344688921347 0.101281500824054 0.117156693915304 0.111193911823776 0.0774235173694814 0.0593136186241113
0.198197023519632 0.190976875565481 0.155537074921315 0.162641536773352 0.147022160227365 0.142511801913896 0.14235642990512 0.0783862325533875 0.0698690328299524 0.117946510495323 0.0855813192084683 0.0158037117739823 0.0971649082858512 0.0786598105089382 0.0874421333693857 0.0348939832972073 0.0270523473079529 0.0885739933964491 0.128980448646967 0.123160933801284 0.127673577144239 0.132289801826377 0.105367200905646 0.037489858723564 0.0157013891808908 0.120614223031044 0.0868157342913222 0.148440961719002 0.157671126053794 0.168819830192973 0.1635700127128 0.177063686776032 0.197350226900539 0.157360382036242 0.1566451323954 0.0814226495653046 0.0832992184335444 0.126720785510115 0.059961426704377 0.122168456260499 0.115384558159458 0.105271667412118 0.0934991902083504 0.0111204548566261
0.151660309405879 0.158764771257916 0.154708424207844 0.0890786403996835 0.0962866835909043 0.142563592583488 0.0758979953834893 0.145072389334855 0.125842222183655 0.123494967230117 0.100378214830036 0.0266416718956094 0.0914489747793516 0.119293988019293 0.0994735639211129 -0.0331508356565811 0.0441661185681461 0.106309252691745 0.0982604540241234 0.106713758315036 0.135764346748008 0.138513822295351 0.143337209655858 0.137654792266967 0.141699034554109 0.0812886889112073 0.102736035121415 0.0530904475758705 0.105473405905829 0.111436187997357 0.120096654966638 0.179179569525342 0.176898495033811 0.175707309633197 0.162016292625043 0.164879169245015 0.212003003503053 0.0796991676763549 0.135369147716465 0.076692103695958 0.106355725345494 0.0916266099160154 0.0623680070314665 0.0329540321381418
0.215587170906559 0.161221777339691 0.0898059948034562 0.15373057127465 0.143483719873212 0.0836239452706293 0.134307631237498 0.114123820678965 0.196106505225937 0.187732572748348 0.0493319941760239 0.044343415073297 0.0968299547424388 0.135939358223673 0.0478996168377363 0.0372384400795633 0.0469552800221513 0.0520894114002093 0.0585723852171431 0.119731496618496 0.120924967048596 0.154226960447077 0.159257510485951 0.163094590094725 0.172065801081557 0.144561398032384 0.150731342802281 0.157525060636766 0.0467744373889461 0.10995566993387 0.130833318778567 0.0800978421421057 0.0867361879678153 0.068729870561629 0.0672774467835693 0.121122648625032 0.112824716342895 0.0952966197259661 -0.00417447553127316 -0.0470044207459576 0.022655832514963 0.149783566027455 0.144061358915565 0.107789770755233
0.167083263121522 0.142667173922672 0.221434266895973 0.216236240085393 0.209275045479201 0.207824906730627 0.200929892586444 0.147477604747038 0.209017525387518 0.183328080803548 0.119751649227082 0.0581044973030267 0.11643196317253 0.082237423628056 0.120225706930251 0.0558229096697995 0.117603509106255 0.12237510579717 0.0561756246234982 0.0642146035576756 0.125477296298212 0.134448507285044 0.159866893758124 0.162823531983835 0.173454329427095 0.161258558906356 0.0972365708850316 0.11368916820346 0.17303332113961 0.177856708500116 0.200704687818792 0.193277377186273 0.201730681477186 0.207279138211979 0.194873068210178 0.137188501730456 0.115707639402639 0.0983349147944862 0.0367271101455797 -0.123418705934702 0.00231831801910537 0.0839939084929178 0.0277921451061689 0.00309569120468105
0.0843634044373324 0.143601691004812 0.235538757487654 0.23770414587707 0.247141472890229 0.231468020645165 0.160335400982751 0.146015361235534 0.221048955939245 0.116331180004529 0.138131241168436 0.189732769395544 0.125058914024202 0.0956359711706421 0.133709561260038 0.122219733788394 0.0542052941495193 0.116037684255567 0.124076663189744 0.132633548819841 0.0839201933269508 0.131324392287627 0.17614972927536 0.177343199705461 0.172924317968245 0.151860917799858 0.104964805801657 0.16757634098107 0.180034201652463 0.203109903230975 0.227459811967817 0.24348597916658 0.248982645231781 0.241348171920894 0.244198943777936 0.22966717129338 0.191803028911838 0.161040211579638 0.0551897238446487 0.0410325908101668 0.0510615396852125 0.122146018622427 0.13707070510904 0.125401809244456
0.212610893213958 0.199696736249682 0.243888480439382 0.233815275598704 0.228876202136083 0.237849698152401 0.216639893935474 0.154520456196039 0.118612254496059 0.121349625280473 0.0698372886001326 0.0743378271801571 0.142205349628794 0.157416570607098 0.171366540963212 0.121120024964033 0.063903859540124 0.124387407207296 0.155926232810166 0.13807842421545 0.0773238184373886 0.139052627204252 0.168880075681103 0.167272279894268 0.174169579067937 0.156218189134038 0.168042457007397 0.174525430824331 0.202278967488019 0.210007202404644 0.242396090075663 0.239585004125283 0.250526545586094 0.257372054090171 0.260898389681394 0.248440529010001 0.210731758637235 0.138788762813332 0.119860033087936 0.160221380599612 0.104363877348023 0.0910871856966038 0.151476971758037 0.120952548192327
0.247052281343461 0.235062821727882 0.235062821727882 0.236254007128496 0.282620107667848 0.23209407873924 0.224730663539243 0.213934674353763 0.195566674033643 0.131803639360278 0.0669744119801605 0.130195330431746 0.0757781461952863 0.227942092026825 0.170019983553822 0.115621073869346 0.0738073025796107 0.133358618194128 0.133930600589125 0.130495741574156 0.0826651124938142 0.145483810351594 0.139779981608025 0.16919310472814 0.176504729258545 0.180600762215279 0.198128858832207 0.208086377570772 0.212236486226583 0.215555659139438 0.297175808999266 0.297424942613781 0.311633866317855 0.268885577945979 0.260575540900912 0.263115568740402 0.232200516202121 0.159115840617711 0.193205947049792 0.194978934578848 0.122047345973727 0.113179716326079 0.170581633073678 0.160033857388133
0.240858127047704 0.240961708386888 0.237030867172375 0.285630821592636 0.292735283444673 0.227531929756179 0.225768761960568 0.213103738610807 0.201374084116396 0.143460430461931 0.196879202183728 0.1322030617829 0.106681093970637 0.233179804744068 0.235256001586716 0.214708223084763 0.134653384933926 0.0946849514243076 0.147484520140487 0.14955843195365 0.0916363234806463 0.095007287063093 0.148647611255673 0.17583145055385 0.180395884566397 0.184025801496803 0.195070924296798 0.209590592018423 0.211822160869848 0.27204675518906 0.297799582063855 0.297476733283373 0.260484064324659 0.260627331570504 0.271568873031315 0.248379770380174 0.24309026699334 0.169953800739338 0.211925229067335 0.240987922263237 0.198349898161294 0.12386230443893 0.113127925656487 0.169266306752411
0.166954107341571 0.237839878418956 0.232343212353755 0.293046027462225 0.288170849432127 0.228311074829543 0.220106904153146 0.224254727779471 0.194570546548466 0.144703406532137 0.206886226562398 0.133085788195449 0.114510625196961 0.167320013646585 0.229071667024403 0.236812006703959 0.20873562125979 0.159450283371903 0.158870766272947 0.157129009832014 0.0826012170612919 0.0974339138299545 0.147703274440088 0.155961520815564 0.185167481257311 0.186827067713739 0.193724366887408 0.253273397472439 0.270646122080592 0.275210556093139 0.287780452922254 0.24269701435977 0.260276901646291 0.260368378222544 0.24547720785354 0.244490900101808 0.179536680027828 0.181985231291065 0.223436467893657 0.240041300418166 0.237720540019974 0.134961502938003 0.125834919942395 0.126831047427572
0.236118681559492 0.236688378925003 0.168458321789222 0.295524444898678 0.281562369779634 0.230422387519882 0.216930998486136 0.225810732896715 0.198045091470097 0.146934975383562 0.140129152786146 0.0778497729789634 0.171575988671066 0.162696254260487 0.231155398571011 0.232341334297152 0.198987550229079 0.151726618514248 0.0694965722405504 0.153708540609461 0.14562707759744 0.155779654251441 0.0961247572977403 0.150699598572461 0.261486022967376 0.188422758737644 0.1868667536204 0.252432641996038 0.260160876912664 0.263687212503886 0.285186349383686 0.24679533234599 0.258047617824352 0.257310443687135 0.2377512579664 0.188519995777591 0.177721721562625 0.244234231783334 0.238841147057316 0.247819040974898 0.24389048478987 0.203693477247206 0.0747391936482764 0.122256793681581
0.238957348653604 0.25161255226992 0.164910061701625 0.285389629654963 0.218765083276532 0.222208397110039 0.220043008720623 0.219784055372664 0.191759460598086 0.14781770179611 0.201238758547392 0.13608719552849 0.224270204160272 0.219592369075097 0.163174475049745 0.161608650199057 0.126750651683332 0.154113559374448 0.0625992730668812 0.140716783719651 0.160490153681016 0.156139903909099 0.104565956825723 0.159293885079733 0.19737957993206 0.199352195435524 0.197847980987873 0.254442658376679 0.268249361486947 0.274266219277554 0.29457417075674 0.24534290856793 0.240975817500306 0.261874877699682 0.23920368174446 0.180471197109969 0.23628672942541 0.235302706703164 0.252736189941143 0.259645593877743 0.250985126908463 0.208297597166414 0.145232050723605 0.133148829502285
