sesion_7_reto_final/modelo_futuro2040.asc
NCOLS 708 
NROWS 329 
XLLCORNER -7.525 
YLLCORNER 35.991667 
CELLSIZE 0.008333 
NODATA_value -9999 
[rows 220 to 239 of 329, columns 616 to 659 of 708]
-0.0574607979328345 -0.135235413365351 -0.139965039120118 -0.155492939089851 -0.106273781663972 -0.0744760027131421 -0.0763525715813819 -0.164535580213164 -0.171393193480172 -0.169898798765965 -0.256996488365802 -0.251926252420266 -0.203370553965638 -0.176457772778351 -0.130027776806477 -0.105282669038093 -0.112542502898906 -0.121358341876962 -0.124056026754713 -0.219708316955162 -0.253580007719154 -0.31536060715561 -0.204330470978361 -0.292930089996365 -0.264865809315125 -0.336354793875631 -0.234137359873743 -0.245453540784628 -0.311445859279932 -0.313687247864801 -0.255445088782498 -0.250115899489003 -0.112588740737479 -0.12872830900887 -0.234658681698879 -0.272014737117947 -0.25557966639463 -0.173277783011567 -0.18157800032319 -0.172976858727461 -0.294713279401725 -0.244958688684815 -0.173003588097982 -0.17916599816392
-0.173397343228304 -0.19074020166324 -0.143646746720116 -0.14775488443978 -0.0991054243794123 -0.10596303764642 -0.11411313262374 -0.173518895962926 -0.14364194184597 -0.13862121154054 -0.0737826775686749 -0.117259172117533 -0.115703167000289 -0.167060131671853 -0.123493012319952 -0.100915577970469 -0.106308662696487 -0.114969129665767 -0.117250204157298 -0.239048235234598 -0.259024883114763 -0.349232297919602 -0.19311787140666 -0.264865809315125 -0.2810236521385 -0.279778391038808 -0.285960440571635 -0.294581221634253 -0.23805043967797 -0.12832632323024 -0.125692533785011 -0.104594017768935 -0.10567933680088 -0.211040012125377 -0.22083987382568 -0.238377790176053 -0.271223487281652 -0.268745069845198 -0.161064485895718 -0.160455102623545 -0.173627361162571 -0.231311927642293 -0.221956257471943 -0.253886050678897
-0.158753534586026 -0.188024242233506 -0.197370092670412 -0.107921263357469 -0.158654454964444 -0.220913275190158 -0.234406949253389 -0.107425281157924 -0.115784823843098 -0.111740581555956 -0.111232494593482 -0.106201944554608 -0.177067156050524 -0.173750268167155 -0.125660685738854 -0.131468095821607 -0.104856238918427 -0.148374704403432 -0.150396825547003 -0.160561506963935 -0.302643793136257 -0.252998205590712 -0.315193130383904 -0.170550256790622 -0.195606108576559 -0.202411931173974 -0.260417061404693 -0.111190627473672 -0.117532619074246 -0.0825808589527823 -0.0878329614624403 -0.172277901765661 -0.193746659330547 -0.21792292150663 -0.245311638453689 -0.226852161557315 -0.236353384002997 -0.235795791400416 -0.23693975619041 -0.216933242137028 -0.158888425999648 -0.20976945491144 -0.220346176655622 -0.238377790176053
-0.235179307579667 -0.245977581794632 -9999 -9999 -9999 -9999 -0.116083463097719 -0.170707810012546 -0.175854046153535 -0.309534818704536 -0.178406178755955 -0.167048026908923 -0.171301716903918 -0.186299605414801 -0.186144233406026 -0.132868728930074 -0.125389627627964 -0.141776044484384 -0.286763178212826 -0.208276449942162 -0.268656416270151 -0.373051343424385 -0.118331125287979 -0.111278454105534 -0.0895020893257909 -0.110419937218846 -0.162982477083441 -0.158194890870029 -0.247687056034025 -0.077691291130268 -0.174951377117552 -0.19554951303282 -0.22324897399743 -0.237987909160354 -0.240268983651884 -0.245612562737796 -0.245012999199068 -0.215350742464438 -0.24030301291119 -0.204006980409822 -0.149478680130219 -0.202813509979721 -0.215550370438846 -0.235347436784375
-0.309272215412184 -0.326812416792043 -9999 -9999 -9999 -9999 -0.112246383488945 -0.113698807267005 -0.11957011278228 -0.117755154317077 -0.121190013332046 -0.127256376762759 -0.132296746535077 -0.191692690140819 -0.236867605279556 -0.244492258856998 -0.247757356070775 -0.247123763272742 -0.193589305448831 -0.212840883954709 -0.159979704835493 -0.218803666046238 -0.110075163941989 -0.167303434128828 -0.0763312640430413 -0.0931432592459181 -0.0984569721586126 -0.143766699724657 -0.0968660176674841 -0.117619525591528 -0.0905933433316132 -0.219712818672763 -0.221589387541003 -0.217804098601821 -0.229327442191073 -0.315966550468542 -0.226081984444186 -0.226488775096962 -0.227546512985176 -0.231691371966514 -0.134540116992887 -0.161584912436298 -0.1742424010821 -0.316093315050194
-9999 -9999 -9999 -9999 -9999 -9999 -0.234562321262165 -0.229013864527372 -0.232811258229484 -0.230996299764281 -0.382735180391061 -0.345443872177725 -0.351833084388919 -0.269392738634158 -0.213315967941272 -0.134360838614796 -0.129734794199212 -0.133986199164722 -0.146330658763486 -0.111213706899802 -0.148042035889505 -0.307941751341629 -0.178283809723091 -0.194194803961437 -0.0711355222619467 -0.0858834253851054 -0.104612527136093 -0.156457019188663 -0.153862915650095 -0.112007173424213 -0.199218264096678 -0.207617492688514 -0.274024136540553 -0.268485499539204 -0.26237945020183 -0.202734372981574 -0.255972476580349 -0.28170160707098 -0.254209308784738 -0.183347234091516 -0.197435901634505 -0.373319300207547 -9999 -9999
-9999 -9999 -9999 -9999 -9999 -9999 -0.149178293817833 -0.11530660305384 -0.129786584868804 -0.126674574634317 -0.336253393749595 -0.278154501913137 -0.25107652898363 -0.245683444257612 -0.211022788686811 -0.103537262652768 -0.0973034224503491 -0.108360650013274 -0.0990688752754461 -0.104461960001464 -0.135584175218112 -0.28591260300298 -0.229939413649277 -0.181913726653498 -0.0907222891264124 -0.0954519148811796 -0.167717759485564 -0.153799020217573 -0.156755658443284 -0.161640656206827 -0.172956837117712 -0.255862447125591 -0.198345357417575 -0.193430493480815 -0.109298582224632 -0.17411393295403 -0.166661326207265 -0.1607549048443 -0.201239298651865 -0.150103714293377 -0.18981810314552 -0.292715837414365 -9999 -9999
-9999 -9999 -9999 -9999 -9999 -9999 -9999 -9999 -9999 -9999 -9999 -9999 -0.271817080371534 -0.274980881275613 -0.209247516128269 -0.123811698014345 -0.124694424426893 -0.0978754048453461 -0.104617332010239 -0.0950125282253739 -0.22121733627696 -0.242768263826352 -0.254672416654731 -0.220956097899514 -0.146224792394817 -0.138757795855636 -0.254831438607899 -0.145802012219543 -0.157014611791244 -0.20409961191583 -0.0961783491703729 -0.0917813919295323 -0.0937241412597802 -0.0610977115954797 -0.0529672560850489 -0.14246924098249 -0.0274508846151504 -0.0086843819869869 -0.0611717734293384 -0.0673859741648678 -0.0975578492506839 -0.133097919921155 -9999 -9999
-9999 -9999 -9999 -9999 -9999 -9999 -9999 -9999 -9999 -9999 -9999 -9999 -0.125264121792405 -0.128842248053219 -0.18585125079876 -0.188600726346104 -0.120016589341718 -0.207008412572886 -0.221755802554348 -0.206219447766077 -0.229013351385675 -0.225246336998476 -0.129773115190968 -0.178392709078119 -0.151917949631731 -0.160277492316905 -0.169154941697998 -0.0775804099023002 -0.137141545250262 -0.0866771267246912 -0.0855993423967054 -0.0556286266740094 -0.0517098902224266 -0.0501584551641545 -0.0662836336431296 -0.0769707918149524 -0.0193548653369078 -0.0305455404122338 -0.063325736671326 -0.178976326605696 -0.19935291005018 -0.280294698004646 -9999 -9999
-9999 -9999 -9999 -9999 -9999 -9999 -9999 -9999 -9999 -9999 -9999 -9999 -9999 -9999 -0.124526947655187 -0.131113502811305 -0.191493469139293 -0.273496713267734 -0.245743176604046 -0.22262413917448 -0.262872085613527 -0.231768144948862 -0.153726121349847 -0.0750420501342613 -0.196883417062615 -0.211984886912682 -0.227668158891191 -0.22132228253105 -0.225896536277041 -0.13870737010095 -0.0819199198261928 -0.0752517078272664 -0.033976915956616 -0.0198761436506974 -0.0346157584291228 -0.0772341430641758 -0.0778031608141851 -0.0700083384626686 -9999 -9999 -9999 -9999 -9999 -9999
-9999 -9999 -9999 -9999 -9999 -9999 -9999 -9999 -9999 -9999 -9999 -9999 -9999 -9999 -0.110101893312511 -0.141588928245788 -0.132191287139291 -0.238556544767504 -0.285753581049812 -0.282382617467365 -0.112929888899968 -0.0723551051045338 0.0240678753507406 -0.157770363636989 -0.0368680155083771 -0.203294040628488 -0.140435656864047 -0.235217325414877 -0.165775523297013 -0.230967285364274 -0.211699717335898 -0.153674540665407 -0.131492818489164 -0.010233938988656 -0.0659202471827766 -0.0955345296660119 -0.155446094938187 -0.114559306026633 -9999 -9999 -9999 -9999 -9999 -9999
-9999 -9999 -9999 -9999 -9999 -9999 -9999 -9999 -9999 -9999 -9999 -9999 -9999 -9999 -9999 -9999 -9999 -9999 -0.2482215940405 -0.28917633530185 -0.110700605078029 -0.150689598169116 -0.0862327252095873 -0.0942815238772093 -0.168840547736054 -0.0263019652708495 -0.150195832657688 -0.158378591979407 -0.147273223691282 -0.142708789678736 -0.153391377791587 -0.240965003151196 -0.155541289800202 -0.153893808106705 -0.164628186889149 -0.242874574995348 -0.253566982841644 -0.289460794749207 -9999 -9999 -9999 -9999 -9999 -9999
-9999 -9999 -9999 -9999 -9999 -9999 -9999 -9999 -9999 -9999 -9999 -9999 -9999 -9999 -9999 -9999 -9999 -9999 -0.228196292293438 -0.299392807388374 -0.23911642239957 -0.267198977632793 -0.115969548883394 -0.114258171757375 -0.031995974280974 -0.0392259419685699 -0.0210343863803909 -0.0225529906204586 -0.0330428058473584 -0.0155320636678333 -0.15174389609809 -0.147337119123805 -0.22773341923862 -0.223477444214139 -0.270524530319852 -0.266749061114115 -0.191063599060387 -0.103709241142076 -9999 -9999 -9999 -9999 -9999 -9999
-9999 -9999 -9999 -9999 -9999 -9999 -9999 -9999 -9999 -9999 -9999 -9999 -9999 -9999 -9999 -9999 -9999 -9999 -9999 -9999 -0.292206175551832 -0.232188743910988 -0.195826530947611 -0.143391781948061 -0.0579139928979898 -0.0483311136094993 -0.184627914195444 -0.0130714076416663 -0.0232504788510145 -0.00086912870036261 -0.0343594970835316 -0.0497783938818997 -0.0785368514808158 -0.173572903320634 -0.235782217906242 -0.158561823458436 -9999 -9999 -9999 -9999 -9999 -9999 -9999 -9999
-9999 -9999 -9999 -9999 -9999 -9999 -9999 -9999 -9999 -9999 -9999 -9999 -9999 -9999 -9999 -9999 -9999 -9999 -9999 -9999 -0.441289342237007 -0.269742142274978 -0.159571036126114 -0.217161841000097 -0.0618149679392862 -0.00138372408340281 0.0122043912010697 0.0398013630987831 0.0411196540650377 0.0253125797973893 0.00698798366969243 -0.0327441665927373 -0.0753926900436261 -0.128025633761309 -0.232712178607902 -0.0962633173260608 -9999 -9999 -9999 -9999 -9999 -9999 -9999 -9999
-9999 -9999 -9999 -9999 -9999 -9999 -9999 -9999 -9999 -9999 -9999 -9999 -9999 -9999 -9999 -9999 -9999 -9999 -9999 -9999 -0.420018779390253 -0.401818255841839 -0.161230622582541 -0.0700490047889008 -0.068093064107338 -0.00873960457944039 0.0259257875241378 0.0418073225621489 0.0641742829203846 0.0230269352468874 -0.017879318621372 -0.0247766177950412 -0.112159408630293 -0.158060244916527 -9999 -9999 -9999 -9999 -9999 -9999 -9999 -9999 -9999 -9999
-9999 -9999 -9999 -9999 -9999 -9999 -9999 -9999 -9999 -9999 -9999 -9999 -9999 -9999 -9999 -9999 -9999 -9999 -9999 -9999 -0.428523874350758 -0.323797643597504 -0.311154544744118 -0.0611364395601179 -0.0495982992055664 -0.081727894897113 0.0308429364903834 0.0584330532996397 0.040340508991673 -0.0867117374670633 -0.118974199187944 -0.190902125603928 -0.134459101938136 -0.168115175205222 -9999 -9999 -9999 -9999 -9999 -9999 -9999 -9999 -9999 -9999
-9999 -9999 -9999 -9999 -9999 -9999 -9999 -9999 -9999 -9999 -9999 -9999 -9999 -9999 -9999 -9999 -9999 -9999 -9999 -9999 -9999 -9999 -0.34767212971627 -0.0513539322972187 -0.00543151818250134 -0.000623200229912938 -0.011768939724104 0.0453763087050205 0.0307500949992236 -0.0860342273349097 -0.175535699090654 -0.161369598095937 -9999 -9999 -9999 -9999 -9999 -9999 -9999 -9999 -9999 -9999 -9999 -9999
-9999 -9999 -9999 -9999 -9999 -9999 -9999 -9999 -9999 -9999 -9999 -9999 -9999 -9999 -9999 -9999 -9999 -9999 -9999 -9999 -9999 -9999 -0.318693891534359 -0.0645619919833389 -0.00462724346869635 -0.011060711645524 -0.00271098869379503 -0.0222123804296902 -0.00800151032764355 -0.107379764093723 -0.119211566671041 -0.157365041715457 -9999 -9999 -9999 -9999 -9999 -9999 -9999 -9999 -9999 -9999 -9999 -9999
-9999 -9999 -9999 -9999 -9999 -9999 -9999 -9999 -9999 -9999 -9999 -9999 -9999 -9999 -9999 -9999 -9999 -9999 -9999 -9999 -9999 -9999 -9999 -9999 -0.0599411972422288 -0.0450238789857698 -0.0307564816813545 -0.0522017093358821 -9999 -9999 -9999 -9999 -9999 -9999 -9999 -9999 -9999 -9999 -9999 -9999 -9999 -9999 -9999 -9999
