sesion_7_reto_final/modelo_presente.asc
NCOLS 708 
NROWS 329 
XLLCORNER -7.525 
YLLCORNER 35.991667 
CELLSIZE 0.008333 
NODATA_value -9999 
[rows 228 to 246 of 329, columns 301 to 343 of 708]
0.153362201830526 0.166382031878456 0.207086199902467 0.214315785600829 0.214189190743255 0.157666807193005 0.148440811271278 0.171626090551071 0.0215805414703163 0.0889491752240511 0.205925213933631 0.217447789462405 0.211321205149785 0.103545858212108 0.0459963619213435 0.137345930839332 0.133014103494425 0.150948930622664 0.238501012979092 0.291791039851761 0.270261338417878 0.239671977789941 0.217144055824167 0.142701266097883 0.113270095750542 0.126904776394565 0.121664255476539 0.138589131860051 0.0931082988623143 0.0911589591840083 0.0826996722934586 0.0808913246206891 -0.000436575723040746 -0.00613277689518927 -0.00487782889356261 0.130809724817449 0.0717214066581481 -0.132423408848621 -0.0857974562868619 -0.210279401113166 -0.00304599281835022 -0.0490304809708723 0.0127903031316254
0.167966122617016 0.170161411516312 0.209285083896735 0.217039112681059 0.205209120238274 0.138939933347623 0.122907480301501 0.0500307484985278 -0.00646635470614185 0.0551120752703391 0.183151373587283 0.162005858264 0.0879762994142981 0.172881088856909 0.0409041687199852 0.0441288487552765 0.145168722455495 0.0521744588892146 0.122356851037555 0.244306647013027 0.262030767339801 0.233278710969815 0.216606079373533 0.238999304900011 0.145732907411556 0.186935286211857 0.03271841359573 0.087049103341657 0.0958388496686318 0.0950504077783602 0.0949346961184041 0.0458905717630163 0.0560134904727111 0.0518001060994427 -0.00699359348034369 0.0678135814023963 0.0326753602214297 -0.0376878707514195 -0.051815735696499 -0.200973864110854 0.0526689710984605 0.0154268275285941 -0.0470738461537489
0.128665189738986 0.144249152720931 0.181828581181767 0.203863747958444 0.165430838623585 0.136005970878656 0.0434665643555222 0.0547350793496851 0.0227903437956615 0.0313761849714711 0.130450859624743 0.146215718771581 0.095913938907127 0.107103752799751 0.0308752764196392 0.0999726929613148 0.0565316547605032 0.0679565514445699 0.14559277918931 0.130895702812934 0.156641503163698 0.156739182008405 0.119600996081414 0.104921146077383 0.240923340428493 0.0497020501648241 0.155056517801433 0.0890007452196873 0.12218503909097 0.174613402363266 0.0599990060487259 0.081911230403187 0.053181665726714 0.0709492041631885 0.0126438008942362 0.142866634093396 0.101305325723832 -0.085803854106248 -0.164866416859767 -0.206203501831262 -0.0236209562066021 -0.0177086905584928 0.0233463292573017
0.0947358553190622 0.0665405908536219 0.174013084704422 0.158295238762258 0.117598301500507 0.0932512130409033 0.0906138010564012 -0.0598440507410879 -0.00391479196401033 0.00939799347341116 -0.0370774411569998 0.0622214904304819 0.0037036177805415 0.0163473324591781 0.0919184850614125 0.186863016465846 0.113220439414985 0.0392812713073453 0.0912910292604934 0.166771733780281 0.0699646583446306 0.0750713298385797 0.0934067056664736 0.137650664050147 0.157787092411993 0.244004661881966 0.158745466124912 0.158669513103127 0.128362224667064 -0.0227986068411702 -0.0380137425564668 0.0279349231674593 0.0419158582399909 0.063292796883187 0.0103978869272222 0.0386165824547206 0.00257425533201316 -0.1130080644255 -0.167080652661814 -0.0819408210000745 -0.0392628729312242 -0.0116616949349453 -0.0275169210196019
0.0900016635271195 0.0875532254849898 0.108242996177594 0.138389346132791 0.0365443788031012 0.0354006262427831 -0.0627735137594774 -0.0807083338515443 -0.0799524674456706 -0.00997983717087816 -0.0494209458796415 -0.0236525153503517 -0.013923825969828 0.0209115350880888 0.142625384488828 0.215328565569938 0.122471763290779 0.14656571937562 0.150858570721018 0.234728935516227 0.179533891430557 0.0907738575091061 0.077934801909127 0.128486159625685 0.16514694920753 0.25362127526982 0.257946718867687 0.241429605178019 0.18657717985357 0.103010596305086 0.0312477323174021 0.0141578526737787 0.048653633677174 0.0430116932400307 -0.0122096166914515 -0.0189329138360439 -0.022432435300949 -0.175096435391108 -0.110315938789791 -0.0295268954480557 -0.0883820221485498 -0.0105911640847292 0.065557771214797
0.180941208123854 0.145057065842886 0.103758382237756 0.0748651477687337 0.00910142622087592 0.0295670211238984 -0.0846142845427304 -0.101559512709287 -0.134802607338466 -0.085914000889692 -0.0123139375929284 0.0168505026384201 0.0403260130321943 0.111965870221105 0.0883873233081297 0.203837191485686 0.235739413285612 0.258818456527048 0.278843632107201 0.232956863371699 0.127346977928674 0.0320661303654327 0.0594140878061477 0.0908633368593912 0.207712797479468 0.19439000939579 0.220197301243819 0.228068432496046 0.22279541723825 0.125207171246902 0.0179263420778437 0.0672842265219698 -0.0459703359882199 0.0022351505211371 -0.0790335199527378 -0.034033671358947 -0.177195436253645 -0.180287664708979 0.0497960304424862 0.0790861849800481 -0.0711474504555453 -0.0273953358691918 0.0425533069552691
0.207902231374215 0.152868967225258 0.061907754145987 0.0667495057119511 0.0280851324848656 -0.0296737539078734 -0.0214373261074132 0.0452997815067843 -0.0421366059577582 -0.074995433331709 -0.00261775932024508 0.107429726857944 0.165099498635799 0.200173513775888 0.201048791885563 0.243471756819328 0.218897639541517 0.273689971212821 0.267664725216438 0.22880135159648 0.0967693475135748 0.0227243822114353 0.0228871238441365 0.0323734996709575 0.106468161880968 0.150094538356865 0.224551741999181 0.190449245397039 0.0930128984130886 0.0915300816142085 0.0264470966614152 -0.00329510246298181 0.0351080270757199 -0.0295120062883771 -0.128246712347483 -0.0728983546422247 -0.172642100054282 -0.0717758582205552 0.0703673819676946 0.0907642378431211 -0.0829078162832009 -0.0782794552218996 0.0161117576560193
0.205283797132881 0.131820331339949 0.135582923449316 0.114132705755633 0.0183816828776081 0.0130833467019178 0.0305688129465186 0.0932372044325854 -0.0231059508656516 -0.0611835495304639 -0.042764109367164 0.0459715485643106 0.193641881313037 0.234874991873587 0.240795433211874 0.248730253212219 0.307661292362184 0.279483793889291 0.234171124575308 0.243285020700122 0.0837422461310707 0.0990649583884594 0.0471537430633078 0.0781762278752965 0.0211800263068033 0.0462554153950472 0.140279012756938 0.013949002192007 0.0213861216726485 0.0264435253706856 0.0148400276852774 -0.0683418762640902 -0.0373519431322559 -0.108995435988454 -0.0672035275099531 -0.0851998390992851 -0.184585542529612 -0.151103770014018 0.0751991308874015 0.11122342519486 0.0339742198212741 -0.00242255418819017 0.00959094401422854
0.149929623277554 0.129340222169025 0.124824349444281 0.111453708176881 0.016114988015591 -0.00584155880417567 -0.00814534536923841 0.0675573544573491 0.0116534165981659 -0.060177241489196 -0.0192849871103462 0.140565244945031 0.209555003799986 0.219497090721345 0.243956295745933 0.260097334638622 0.263974328744626 0.243599651608323 0.244865499575638 0.194486862333795 0.0637712501412949 0.00954901748882062 0.0371103892384418 0.0620099086370272 0.0656084424142016 0.0658688223192955 0.0924537063961201 0.0863004676980433 0.0756336752430172 0.0147785361880122 0.0147604628004486 -0.00596052610474713 -0.0978960296059622 -0.0490517218182504 -0.117483638891871 -0.0215273773951173 -0.178448139395932 -0.0653671849479909 -0.00155370743404323 0.0720816388545577 -0.0699820126446198 -0.00100848345307854 -0.0303008758138072
0.195287554425389 0.177140248184263 0.18520930614833 0.199035692046409 0.173408253522656 0.165169587899029 0.0912955469559413 0.125747909849635 -0.0135707531229481 -0.0617531971098916 -0.055988314250532 0.14100373236295 0.081946057783097 0.174988222141585 0.216773828017673 0.215544167397799 0.212904047905857 0.221107940794234 0.0993362355635163 0.165069289727683 0.0200941842211226 0.01593507735093 0.0792277642142741 0.0550334385453576 0.113772813013581 0.0879654805932379 0.116969886699325 0.114990209359788 0.0801847330469 0.0968175751645951 0.0288738494529374 0.0040539117072516 -0.0185730631431062 -0.04205354267173 -0.0533229452534262 -0.203954405113164 -0.076859923340222 -0.0710755692491785 -0.140908540985997 0.0770545253009869 -0.0736456568182757 -0.0567750005974547 -0.0160188334658492
0.259120009682504 0.260425623324163 0.248025555666792 0.204509897911758 0.206282034432843 0.154174621439231 0.167306568052144 0.162575988123245 0.134367207061203 0.157361709246788 0.0378431249411012 -0.00484570632536696 0.0991539442502282 0.0882354004964887 0.176217923333773 0.147827406127791 0.16287261002044 0.116184278373883 -0.00276644473614168 0.0170734331412398 -0.0649814413997398 -0.0604064199497688 0.00133111599212629 0.0679041008975729 0.0716400553895544 0.0743778131538885 0.0840594893297377 0.06399173561893 0.0718470551110036 0.0461554343506164 -0.00394747387407987 -0.0154374977226987 -0.0207720044777598 -0.0535702447100495 -0.0619499667157703 -0.103471509410991 -0.0512058710033257 -0.148309496923441 -0.209692650355137 -0.0871058488486905 -0.113067318099598 -0.106744083202317 0.0454185401285378
0.305258682274077 0.271092375206875 0.295392474266048 0.266770486131667 0.284745153042706 0.249686479978497 0.197498104255937 0.200460118954481 0.226788211185012 0.116217162472222 0.143544331981761 0.0917596947461125 0.00841647081240725 -0.0179884549912698 0.101731756070102 0.0725203096702512 -0.0115236393829621 -0.0632065259584854 -0.101610536048548 -0.0192482922020433 -0.093610612687894 -0.0821495524606293 -0.0246760091916499 0.0482332910595486 0.0504719504600593 0.0671047925777544 0.0712385714938798 0.0546789440501142 0.0578073192805757 0.0283327308235326 0.0414176642317713 0.0405098750142566 -0.0168732845488336 -0.0294193609550778 -0.00716716800645064 -0.148760701531229 -0.04485871303227 -0.0826840836779233 -0.0805380696107121 -0.178379488549137 -0.238124290507268 -0.240491830197006 -0.246350732429542
0.326578645638656 0.324618446566976 0.344482278358547 0.334041100109537 0.34152747061802 0.29193719412182 0.292244587231588 0.263077432456627 0.16697559132296 0.176487288067675 0.163757634489067 0.161861133897402 0.0552159908641006 0.0167206927125451 0.010230264340472 0.0413228762922788 -0.0557441261322635 -0.0805735254272035 -0.131444903785799 -0.155241405030571 -0.0751856860969848 -0.0594714996263514 -0.0442455450899946 0.0272279515669983 0.0440886219096328 0.0522296254566238 0.117406589210279 0.0389466365834304 0.0462919912821332 0.054114735289809 0.0473552507977752 0.0336455214875703 0.00239879650944247 -0.00229559607201512 -0.00829194282360106 -0.154210960518561 -0.10824549068152 -0.0707623502574433 -0.0269993930457861 -0.0305762415723532 -0.0411186937610429 -0.0499468652586259 0.0403950383462886
0.375305398042262 0.348614788183667 0.347076231661034 0.388225318458491 0.339235414265794 0.332909941545346 0.34964676511016 0.24547625455207 0.181612104361918 0.17431012016443 0.16595935474389 0.138264109765948 0.11425200399759 0.0750202868676011 0.0484548334501463 0.0595583116480561 0.0204056897186232 -0.0951232260510022 -0.132016383880678 -0.101793159780021 -0.0904442399219827 -0.0475845557091925 -0.0292085168875235 0.0029242406447816 0.0166456931316508 0.0881626078983452 0.102343376306624 0.0661730326779788 0.0278978552686571 0.0376337921795115 0.0475288588600235 0.0448272240665734 0.046870606922299 0.0103291408634538 0.00711033431861632 -0.0584766775605363 -0.0653627401420734 -0.152310895672339 -0.160871456502569 -0.179140371698348 -0.169591147102455 -0.175609202908892 -0.185970816273073
0.41637578373818 0.408104509094014 0.352181147611634 0.317005817959551 0.399194534888435 0.382702765920905 0.360843874141602 0.251277348563115 0.239511126013076 0.167037106624468 0.175507252908392 0.133325220452281 0.12924570227116 0.0854664580557043 0.0780596118597363 0.0246864152753673 -0.0462830544552663 -0.126333828058246 -0.0821693869509144 -0.0849144160498226 -0.0231443046235297 -0.0406117212848101 -0.00703952449101223 0.000754279699552818 0.0150507597677875 0.0198319003878472 0.045795648034236 0.0678403001644109 0.0291419536088074 0.0286139154278731 0.0359556344592889 0.0410116808855199 0.00806154164583255 -0.0784092245754605 -0.0769445049683874 0.0188259247647643 -0.0721620070765216 -0.0276445407307969 -0.0321580944877461 -0.0221328378546871 -0.0218146021196152 -0.0188295210944144 -0.0908708145705127
0.480648131293508 0.473968194918232 0.466533806749273 0.444721951978888 0.427340467181406 0.363265657798274 0.351638213234848 0.354953729892231 0.357908513828515 0.343792848780545 0.264796706086827 0.260337413064883 0.235617780526715 0.0831418262190809 0.0449683756656409 0.0205091944452969 -0.0701577227407473 -0.180151005524316 -0.101459565200998 -0.0538702627552972 -0.046336838469826 -0.0134662879192108 -0.03188484753115 -0.0235991757390213 -0.018506982537663 -0.00707847399055273 -0.0787283170576497 -0.0648875172435372 -0.0578423486965858 -0.0841596221060566 -0.0498532679612358 -0.0827636247585087 -0.0693265228589941 0.0125800407333882 -0.00301981515333849 0.00111396376278695 -0.0343714497384329 -0.157479082467797 -0.105553412654298 -0.0979006648458268 -0.0792027546217988 -0.130801560093846 -0.0987889828316576
0.511157950840859 0.489534165657242 0.500526465181914 0.485969598172413 0.444960703973759 0.401535923413131 0.378432933293677 0.370194332046607 0.337738646198981 0.322617536893033 0.238135052813414 0.150800796035669 0.151162385503884 0.107159829282137 0.0110932781764791 -0.0155358639890935 -0.0490294002536666 -0.121841942783833 -0.143010023909085 -0.170405058931032 -0.106273345682012 -0.120384535083648 -0.154557111217122 -0.111795065276725 -0.122610144876105 -0.200662763921068 -0.156602375673586 -0.145322130466586 -0.145253432011305 -0.0302954552395554 -0.0534083836287088 -0.0553830918333959 -0.052562133516946 -0.0561896071112311 -0.0585440425482553 -0.0562656007053304 -0.0772252842650126 -0.148873770060303 -0.162828067515449 -0.102023601136649 -0.111358101760315 -0.0947021933159632 -0.0436879007787793
0.519633977651409 0.512072970820634 0.525441374264866 0.484276945391528 0.467051019072975 0.416635306896157 0.406313492742461 0.366487293567493 0.345824096115718 0.331328680031168 0.277310311957545 0.274225266655984 0.180778927662453 0.122845140312217 0.0221601734511302 -0.00894641626857848 0.0116665446551232 -0.113436940432532 -0.103286843008448 -0.149856304048208 -0.138518226815473 -0.130507437025273 -0.145960386843695 -0.104286945141077 -0.104711471559165 -0.0231715547506492 -0.0390440786203804 0.0857439020438862 0.0067052861683848 -0.0743007427729861 0.00193857623242922 0.0014539561611963 0.0145727985213956 -0.0322267691387845 -0.0916967296673017 -0.0895737819267474 -0.04199530533828 -0.0551322448902864 -0.117368903000249 -0.105823284949062 -0.1177848246162 -0.114656449385738 -0.118754081526736
0.516809400435743 0.511312111475666 0.516967568509412 0.519394338069005 0.487770545757493 0.463702015539418 0.41652899944507 0.408058869929217 0.400474837344098 0.316858034035612 0.307118437653227 0.256931441288881 0.282760475727903 0.238660305038006 0.101651738269071 0.0893471116332393 0.0693291262430325 0.00604274198210097 -0.0161126932454943 -0.0586035166554944 -0.0548819998837897 -0.0781685601394348 -0.0907065252320583 -0.0826667956247468 -0.102098030256924 -0.0957327988983046 -0.0870746235999262 -0.050341476091269 0.0327404873859819 -0.13221551180774 -0.0706551790230665 -0.021800028610051 -0.0559906948991591 -0.0534012004749355 -0.0646633722943716 -0.0628912357732869 -0.0668876177788489 -0.123636496086475 -0.0543569072527288 -0.0693708929327864 -0.0647054401684395 -0.0664775766895242 -0.116370706272601
