sesion_7_reto_final/modelo_futuro2050.asc
NCOLS 708 
NROWS 329 
XLLCORNER -7.525 
YLLCORNER 35.991667 
CELLSIZE 0.008333 
NODATA_value -9999 
[rows 40 to 59 of 329, columns 308 to 351 of 708]
0.224521016491183 0.216316845814785 0.197159028914646 0.219041260063058 0.216592708799821 0.222037584195431 0.163253308891348 0.150588285541587 0.195866782019508 0.192651190445837 0.108478907983588 0.0674388599350366 0.0714313115525864 0.0623444144636402 0.0622408331244564 -0.0082100530147248 -0.0389179428746381 -0.00577132148493278 0.132151036298133 0.13951445149813 0.193383349723757 0.18320884857338 0.211708865966033 0.151679329562258 0.166095415944699 0.240799992078876 0.205061552180088 0.162843275267062 0.157657353219412 0.217997633640739 0.22667020537295 0.25210069660896 0.251686371252224 0.22710645522606 0.156945753522962 0.203997237529939 0.202610994213887 0.237341715006264 0.303145145375183 0.312271728370791 0.296474135205075 0.297043832570586 0.303837550405071 0.3018154292615
0.0328449334429075 0.0499555679004054 0.032146593439142 0.0224382083150926 0.0710876683754606 0.0779849675491298 0.0721654527034463 0.147633932345362 0.188089041462776 0.188244413471552 0.161132924424436 0.00877027073306769 -0.0568595130750925 0.0891634340451875 0.0921200722708988 0.0764489050553206 0.076138161037769 0.139267602913101 0.146786390121873 0.173127188914163 0.140315007926173 0.15865262893138 0.140253397523136 0.226332115026842 0.241473270783571 0.308573752921774 0.219334371316684 0.220217097729233 0.219139313401247 0.176713873809853 0.222833125764176 0.232075394861898 0.249144058383248 0.226628234436803 0.171029684533174 0.154695058346345 0.213686496328796 0.239881742845754 0.238636481746062 0.303453604363249 0.292378102248341 0.291391794496609 0.355328475730733 0.347447153834817
0.198570333529768 0.242292824890445 0.24145435444353 0.226611837941422 0.166947121254277 0.166551070449524 0.168107075566768 0.072494471272981 0.00183642245543226 -0.0869520846889554 -0.040552468031995 -0.0493286211033898 0.0246356440908738 0.0301323101560752 0.0188679199147822 0.0818419897813382 0.0806508043807238 0.144246362282383 0.153787270634726 0.0925665488303368 0.175794494477001 0.211118609019053 0.221076127757617 0.246774878933335 0.255228183224248 0.255176392554656 0.250976778258738 0.258248716882481 0.226867548317873 0.233204969859476 0.175054287353426 0.244987266796688 0.240060298096997 0.223723386880683 0.228869623021672 0.17213167838702 0.215397873454815 0.207980382555741 0.230183177455149 0.231115409507804 0.227951608603725 0.278946038588146 0.268056287796927 0.223608727061962
0.291493707764341 0.26889486206018 0.26063890071419 0.255078339216467 0.246043232797112 0.249173517583582 0.256176683125921 0.209847131690536 0.206113633420946 0.171794101182609 0.100701167426856 0.0722408359408646 -0.0778384582294876 -0.0258385941681419 0.08070031002083 0.0857308600597042 0.0862510517851091 0.038006097348032 0.0473398430220075 0.186559252574358 0.180773253846283 0.192129120663829 0.205768347002392 0.209087519915247 0.237100009926894 0.252584574045574 0.261360727116968 0.263747667977168 0.262968522903804 0.25488089010273 0.251820670537835 0.196937370275048 0.196170329964614 0.238297130301386 0.234990062151462 0.233133132750111 0.164144490122435 0.206737406485535 0.239479522251949 0.234498477853181 0.232890682066346 0.221895064906457 0.221325367540946 0.219147874388599
0.285363448901106 0.275706854446649 0.250099579847184 0.26947301424423 0.263653499398546 0.259959687035618 0.246880338329122 0.214978978039108 0.199225640839024 0.18299459599138 0.0944155365548454 0.0902654278990341 0.0871953886006943 0.0659248257539404 0.0892571956509266 0.152645590874218 0.169323625422997 0.10450650280581 0.1173330679534 0.126200697601048 0.0830898745420287 0.147358711148383 0.157730555243683 0.215622284401773 0.218268178609932 0.243150383835109 0.240558565326027 0.271007501837981 0.275932185508186 0.290609510268072 0.269452348493947 0.268207087394255 0.218936139298784 0.199489502877468 0.257548708807265 0.237530089990952 0.179805837604568 0.219079581054813 0.216963698305503 0.234293600204299 0.22101690855288 0.216400683870741 0.211108895454422 0.220028315771662
0.273684733303078 0.337246775087128 0.260230745146508 0.263187383372219 0.251249714426231 0.253634370256945 0.210934735751966 0.208745137836689 0.152305832456659 0.119594096005158 0.158373629143648 0.103231375532902 0.154835188789495 0.15269738154381 0.0161117614366892 0.163172806978294 0.128597458194693 0.217406524920549 0.211481143706196 0.198871047828723 0.207220770780452 0.155138736734601 0.159027607012967 0.151064115132545 0.16502619025159 0.177191581457414 0.249633357652043 0.258552777969283 0.297662181450517 0.298853366851132 0.317740125640381 0.28589055601996 0.291451117517683 0.2729907888481 0.216252844213449 0.201834472801521 0.262017096184586 0.190436635047828 0.240299205005185 0.23471106236373 0.247163501202942 0.241200719111413 0.207430324657119 0.18760904878573
0.261695273687498 0.267399102431067 0.231959301786901 0.226139786941217 0.223444387092951 0.220645405905502 0.205854680072986 0.159942590797031 0.151425391073596 0.199502868738967 0.168849054578132 0.113706800967385 0.182144020781534 0.16535030013064 0.188767976814827 0.136219826742649 0.128378190753395 0.19161121396791 0.232017669218428 0.239122131070465 0.24363477441342 0.246539621969539 0.219617021048808 0.162952278438427 0.141163808895754 0.246076642745907 0.210566776880166 0.270480627181827 0.279710791516618 0.290859495655797 0.298533654873345 0.310315951810557 0.328891114809045 0.300113869516449 0.294264488497549 0.231965982365174 0.228708419855356 0.268707232679888 0.21487185057187 0.273656125875953 0.263449473522874 0.249913828523495 0.236429974193708 0.154051238841984
0.229793913397484 0.235186998123502 0.234553405325468 0.167212244391289 0.176131664708529 0.222408573701113 0.155742976501114 0.22491737045248 0.207398580427299 0.20676270259978 0.199992681149459 0.111620784391292 0.191063441098774 0.220619831464734 0.202510784492574 0.0681750077888606 0.145491962013588 0.207635096137187 0.214221651293305 0.220963578458198 0.25001416689117 0.252763642438514 0.25758702979902 0.264828589107849 0.267161454268972 0.20675110862607 0.228198454836278 0.176841490164714 0.243859802318412 0.248111207283921 0.256771674253202 0.327067188383607 0.323074736766057 0.334807528063163 0.31769375680297 0.317133879170904 0.377181690126662 0.256090453871665 0.306626302533717 0.244526504261171 0.285402725482409 0.268962232926911 0.223356899092603 0.192231547073259
0.293720774898164 0.239355381331296 0.169650975921081 0.248210906216014 0.223328700990837 0.163468926388254 0.214152612355123 0.210315532746349 0.277662863469581 0.285635661941751 0.130888352419668 0.143957881392719 0.196444421061861 0.235553824543095 0.149225460283178 0.140275660651024 0.162916477291333 0.168050608669391 0.174533582486324 0.235692693887677 0.236886164317777 0.268476780590239 0.271795953503094 0.275633033111868 0.282892866972681 0.270023817747247 0.274482385391124 0.295911457049349 0.185160833801529 0.246630689220434 0.28214369188887 0.22969683812639 0.23462380682608 0.231252843243634 0.241013019037275 0.291435466626699 0.279714780092523 0.273399283047295 0.201487518311516 0.168158795542514 0.234396294551395 0.345177297114129 0.321396981926461 0.270490039942389
0.246928244239146 0.237147508864036 0.301279248013598 0.296081221203017 0.303755380420566 0.302305241671992 0.297121604653827 0.243669316814422 0.305209237454902 0.279519792870932 0.215943361294465 0.172354317446189 0.217757806617972 0.183563267073498 0.236186904199432 0.171784106938981 0.235276083501456 0.238336303066351 0.1850607985904 0.178464423700838 0.254362470265114 0.263333681251946 0.287040690599006 0.289997328824717 0.300628126267977 0.286720978621219 0.237334344423634 0.239151587918323 0.313131094678212 0.31453172778668 0.339091084231375 0.360934481246336 0.36596503128521 0.371513488020003 0.372031394715922 0.310924073984161 0.317002542177804 0.294495686191594 0.260447212064147 0.124437972253287 0.219192911433596 0.28281039383163 0.210261899495122 0.183854068467615
0.178843739378697 0.225158049248456 0.331730469555037 0.333895857944453 0.330409208259892 0.327659732712549 0.238469004974356 0.242207073302918 0.317240668006629 0.210811514945893 0.237745707487858 0.302271212412686 0.237597357041345 0.211597168439823 0.249670758529219 0.238180931057575 0.183090468116421 0.244922858222469 0.238326483332906 0.246883368963003 0.196458636344093 0.258498189128509 0.303323526116243 0.304516996546343 0.313022091506848 0.291958691338461 0.24506257934026 0.307674114519672 0.318420598065046 0.356131653467298 0.37877018507812 0.396507729402903 0.402004395468104 0.421929252678677 0.424780024535719 0.423172228748884 0.381885332115303 0.376970468178543 0.282332580015255 0.264752692728734 0.271358887351741 0.324385258213178 0.324674590876051 0.294947586935689
0.310513982407361 0.294177071191047 0.340080192506766 0.330006987666087 0.325067914203467 0.334041410219785 0.311120228876838 0.250712168263422 0.213092589437424 0.232176691171596 0.166029000667516 0.173952293499579 0.256455169771956 0.269955013624241 0.285616361106374 0.237081222233214 0.178153679683286 0.238637227350458 0.268464675827309 0.250616867232593 0.204497615278271 0.266226424045135 0.310689226345725 0.30908143055889 0.31426735260654 0.29631596267264 0.308140230546 0.312911827236914 0.357012094850361 0.363028952640967 0.395417840311986 0.408953485311365 0.418183649646157 0.425029158150234 0.428555493741457 0.443656963591524 0.402525438966718 0.328871066016797 0.321154935863102 0.358093529122739 0.298813271619111 0.283825202841673 0.327868257953347 0.295632457261618
0.343243993410845 0.332965910921285 0.334677288047304 0.334157096321899 0.377100442609212 0.328285790806623 0.319210998480608 0.324761740244887 0.290047008975007 0.240919328125382 0.179512854997303 0.242733773448888 0.18660521208641 0.340480535043968 0.282558426570965 0.241083493584209 0.184634368470734 0.245897061211271 0.244757666480248 0.255958161289019 0.209838909334697 0.270946230066457 0.279877755146628 0.309290878266743 0.314891125671128 0.318987158627862 0.33822663237081 0.346472773983355 0.365258236462906 0.368577409375761 0.44848618210957 0.466793423799863 0.481002347503937 0.438254059132061 0.444579375910734 0.445408026624204 0.412781596959904 0.350909520947195 0.397923604076996 0.383349860656293 0.305284140673115 0.311051864849206 0.366742404470785 0.325212544011742
0.353396570064847 0.34057617470631 0.333222579239758 0.398169264609779 0.392349749764096 0.323723641823562 0.320249096901932 0.322219427375911 0.29585441905776 0.255998873479074 0.30941764520087 0.259376858623783 0.21921953698778 0.34571824776121 0.347794444603858 0.325535288975887 0.245480450825049 0.203800640189412 0.274658316981369 0.275020851668513 0.218810120321529 0.220469706777956 0.272398653844517 0.314217846966433 0.317070903852961 0.322412197909386 0.331745943583362 0.347976988431007 0.348497180156412 0.425068505425383 0.450821332300178 0.465133837343436 0.42985254551074 0.444631166580326 0.455572708041136 0.432383605389996 0.425382724877142 0.363458858194841 0.405430286522838 0.431070225466701 0.38672082423874 0.308810476264337 0.298076097481894 0.336156370502039
0.282915304610752 0.353801075688138 0.348304409622936 0.390949116655628 0.38436256149951 0.324502786896927 0.330933970044269 0.318735062720835 0.30368623531357 0.253819095297241 0.317713292453522 0.258548207910312 0.223626313962065 0.276435702411689 0.352822709613247 0.345927695469064 0.332486663848633 0.283201325960746 0.28262180886179 0.280880052420858 0.222698990599895 0.222896333544817 0.287801047978691 0.279712563404407 0.321842500543875 0.323502087000303 0.330399386173972 0.389948416759003 0.407321141367156 0.428232306329462 0.455437556982317 0.408642741293814 0.415010029008633 0.429736859408626 0.416557066165642 0.42678335798561 0.379887245987409 0.364277689174867 0.41694152534916 0.433546357873669 0.414878866525718 0.323332429015448 0.31420584601984 0.298855242555258
0.370137986904452 0.354360953320204 0.282708141932384 0.395138911218101 0.394100812796776 0.326614099587266 0.32775806437726 0.320291067838079 0.307160780235201 0.257762041274685 0.24924484155125 0.186965461744067 0.282403054562189 0.28815867397535 0.336848333084076 0.356092376885996 0.321027215691903 0.272054906851053 0.191536237703375 0.277459583198305 0.271089497312303 0.295877427790044 0.234511153710324 0.289085994985044 0.39816104225394 0.325097778024208 0.338177126730704 0.402031637980322 0.413182627148987 0.413286208488171 0.43649672249399 0.399817082582313 0.412780745186695 0.426678924873217 0.407119739152482 0.357888476963673 0.361725556572447 0.428238066793155 0.421133604941119 0.426688744606661 0.421048811295615 0.38085180375295 0.250186143028001 0.295992365935286
0.356629923048804 0.372707880917159 0.297217989920565 0.415986180747884 0.329592149167655 0.349382193950922 0.329158697485727 0.328899744137768 0.30087514936319 0.255222013435195 0.312065824438516 0.241780130041555 0.328251761547318 0.338209280285882 0.26886740956281 0.283648315661881 0.245367562894118 0.274441847711254 0.181216184277667 0.262756449182476 0.28252981914384 0.292814923195663 0.242952353238306 0.297680281492317 0.334054599218623 0.337738591848107 0.349158354098176 0.405753031486982 0.403213003647492 0.425576592387857 0.445884543867043 0.396653281678234 0.408632921560369 0.431243358885764 0.408572162930542 0.36447503211979 0.420290564435232 0.419306541712985 0.436740024950965 0.440226674635526 0.433277584792265 0.387167300798178 0.322390377229349 0.31030715600803
0.278068046355898 0.379640295938518 0.283940785127449 0.295131973344472 0.285485198623459 0.251074189808869 0.255123002154982 0.301345835448489 0.291232944701148 0.255638623821416 0.304038950267269 0.246773279203254 0.251252406428599 0.313581291875888 0.330640987437004 0.334517752952439 0.315323386948334 0.264420433540167 0.203697058850228 0.258803683471587 0.274801584227214 0.287202571028347 0.324779665776502 0.310229618739963 0.336636597994261 0.346448564457494 0.344944350009842 0.41087505810211 0.409267262315274 0.422970384086359 0.37553495403756 0.39202723726265 0.402709825375502 0.385431714146297 0.392536175998334 0.352692735182578 0.417065153128116 0.438905413340381 0.440668581135992 0.443065341729637 0.426834296881993 0.417293388529649 0.382810029463998 0.259093458582311
0.273340705630616 0.388342733843946 0.319554570963888 0.287975207681147 0.286951499052238 0.352526355388112 0.350306891299618 0.295898675023393 0.259534349188239 0.246452715452257 0.162829570774051 0.13416961131365 0.216804163210639 0.216085948924809 0.309090059887612 0.325516162650694 0.30848947006549 0.247377579274758 0.183068543620046 0.245456926598593 0.271901306730067 0.271513129260786 0.31061042797909 0.373636288515238 0.377899798243677 0.339852189567932 0.345089902285173 0.322419219471649 0.392756704538201 0.348767725125605 0.441700919093623 0.460055381394537 0.369445232854196 0.384487377330712 0.342113728408911 0.406382565015265 0.409223517138862 0.447201060593032 0.45150654125762 0.440357837118441 0.439124680781679 0.432902945342191 0.386218393923621 0.284544848031303
0.144068995083386 0.319867600010925 0.324259987192794 0.312228556641067 0.273921655985849 0.276061748261019 0.354654342900352 0.214758517840612 0.183808515928446 0.185312730376097 0.181359964665209 0.223870711043803 0.244894425305528 0.309965251596201 0.214419507379924 0.227742740026462 0.199414935938292 0.246487318158251 0.258620045019676 0.303301262988355 0.275585299359551 0.25498344515852 0.222383163381675 0.235160222889158 0.376292002456842 0.324056881431701 0.31897682575272 0.318522814489324 0.388926480017884 0.340420287203362 0.378274609851459 0.464092088977719 0.378383779496629 0.341786309569457 0.342412367663532 0.402999496669887 0.435988461021331 0.446153142438264 0.443248294882144 0.44314471354296 0.445386102127829 0.440150674440073 0.407263006398327 0.408091657111798
