sesion_7_reto_final/modelo_futuro2020.asc
NCOLS 708 
NROWS 329 
XLLCORNER -7.525 
YLLCORNER 35.991667 
CELLSIZE 0.008333 
NODATA_value -9999 
[rows 133 to 151 of 329, columns 220 to 263 of 708]
0.03253043331215 0.176146800105341 0.112146223438694 0.0303305025217316 0.125309514017485 0.14442399506657 0.146083581522998 0.13184427850401 0.12836973358238 0.149743877768318 0.283372859649727 0.230490269175833 0.223903714019715 0.202422851691898 0.195680924527005 0.0470120831985651 0.0846994422166531 -0.0180358984811536 0.022522791975445 0.191009772372579 0.172951664296801 0.144783802276378 0.141257466685155 0.0147298098530874 0.113180229467776 0.114995187932979 0.103730797691686 0.0556380784606896 0.0741805771147783 0.0673327835812153 0.0545123882226789 0.0509860526314564 0.0602801123987704 0.107157949844988 0.12031946853599 0.0996847835167553 0.0968956220627502 0.0497998820901402 0.0922070471295508 0.100204055127581 0.138080302272053 0.147115408691408 0.141307998608655 0.15986488705516
0.0440805062719241 0.215761153746354 0.127224917019176 0.187160178675516 0.197428441431632 0.2572905010637 0.257031547715741 0.252052788346459 0.103124993670059 0.335911189988461 0.229753095038616 0.0811878350493596 0.21777345515648 0.0691564044976324 0.00566442793515722 0.000237827091530969 0.0403098419403333 0.167497820940956 0.169623523423711 0.292643119216539 0.284335367200958 0.128239215239999 0.0877193589168524 0.013773368274572 0.00437572716807407 -0.0029480021252609 0.038545205413478 0.0756834266475238 0.103714191211154 0.103662400541562 0.0891306280570065 0.0897619358255543 0.0923537543346364 0.0946987242586893 0.0991176059959049 0.0844037321320517 0.00874019457469926 0.0402911249404995 0.0909519662964141 0.123694082062829 0.131587508721675 0.0844422631089588 0.145507612904572 0.150208292600702
0.013176941538539 0.171066127468326 0.310581143288939 0.171632278705783 0.196535895285638 0.285031932964458 0.283268765168847 0.292718196944936 0.255838077285641 0.105613230839957 0.0970045545402689 0.0772868600080633 0.070441351503986 0.0245596415429449 0.0160027559128483 0.197763291158706 0.1917464333681 0.208388666769785 0.242363938872961 0.142499929613665 0.21796840925558 0.176669407859069 0.151354602725173 0.123000137607851 0.101248217169144 0.0993693632714184 0.018741690952375 0.0655761925475396 0.0583369182681959 0.0695883519733487 0.0481592803151238 0.044840107402269 0.0494661518178523 0.0668608009223802 0.0823369102225211 0.0658057928639791 0.017686344262461 0.0841568835470225 0.0259977462224346 0.0604512391148685 0.06502549286086 0.128061173130452 0.178206392819933 0.196087717532258
-0.126382878864372 0.121133388473056 0.176022962341233 0.165605601181732 0.190405636422404 0.252289817198043 0.263605998108928 0.116596743236916 0.249914981100774 0.183052040955852 0.034279618288228 0.167597856152086 0.134624881323139 0.145286058081312 0.199338422601142 0.165226053041174 0.159628090666274 0.148933397790492 0.202001739588076 0.190113576282194 0.181907120576311 0.180755621082358 0.257935477850292 0.234194952385623 0.125660656423602 0.0509439755264952 0.056945591751476 -0.0240964059243029 0.0255697412027108 -0.0148617753468776 -0.0351514522740802 -0.0121672272718212 -0.0114841288336816 0.0155671147253039 0.0115997244068245 0.0369913815093825 -0.0515831762095504 0.0286399904862023 0.111786279290057 0.123995006346935 0.121516588910482 0.173528557734758 0.137199860888991 0.127690183624771
-0.212144682561474 0.0512004090297941 0.106193564237155 0.152526252475236 -0.0195357173800177 0.0442670032000091 0.0538200163152826 0.0520568485196714 0.0401289993071282 0.0334388628118267 0.0656813464343052 0.202681291898161 0.169327507830088 0.158903873065197 0.146497803063396 0.16885596997158 0.210608130858279 0.211439066601235 0.248264258788244 0.254591860596402 0.244676312793984 0.179409063672968 0.159782845717015 0.158734927562246 0.127308138117099 0.0954335071976069 0.0462928698118416 -0.047517732552882 -0.0823163373536858 -0.136088440987216 -0.130245333573706 -0.154628758428157 -0.113268146628609 -0.138024742201889 -0.0897417699296018 -0.0957701155251041 -0.00257118146203914 0.0759923987772863 0.113394075076893 0.123891425007752 0.123176175366909 0.170261175491495 0.17690934105065 0.155961626984378
-0.0456569432219879 -0.039563746604416 -0.0151566253658011 0.0216748404265977 -0.0058478371745585 0.253447486481049 0.258478036519923 0.249403244193907 0.249311767617654 0.187738330859565 0.188180750501729 0.0888369329678375 0.162603855217178 0.22163497910629 0.240831630139882 0.226820049380731 0.224795643207674 0.268310971889984 0.273600475276818 0.263892090152768 0.251123485463824 0.243232343834463 0.235908614541128 0.148508635742278 0.134951066246524 0.106292026900703 0.0463531152999717 -0.0104251321993756 -0.0819400298321607 -0.182885577180172 -0.400492739197941 -0.408133486114218 -0.362400361414865 -0.182427402830687 -0.130017914470414 0.0038196988206068 0.0525710721487072 0.0891753288229662 0.139104931015541 0.146179526694361 0.145412486383927 0.206529626849132 0.19696815891532 0.193597195332874
0.141845438602649 0.161230464620929 0.207416235668772 0.166690068440467 0.196624235059197 0.138463732819702 0.204246603607153 0.200150570650419 0.187186908046037 0.23017587521389 0.173029775011556 0.166596306834728 0.22163497910629 0.250268957153041 0.232262639746855 0.228114816120529 0.278332386061071 0.267534111846105 0.258965121453078 0.264047462161544 0.259524999085145 0.234404400093477 0.22915686764279 0.194149666907342 0.127057639587678 0.0966872231158376 0.0615970006226746 -0.0484567513526239 -0.169672164003241 -0.312602947988599 -0.535817247974178 -0.887183093917495 -0.584315324601675 -0.301193412444858 -0.0781948337725228 0.0277491124116604 0.119976980288619 0.138108803530364 0.15452924964609 0.150339455083617 0.207982050627192 0.194894247102158 0.215678134341115 0.194904066835602
0.114725494736995 0.146742027987426 0.170753098421289 0.247728929313551 0.179872998486147 0.243520347057398 0.188846494502465 0.245594258870561 0.232527014926995 0.164472889381459 0.129148774839407 0.211055972332623 0.217538946149557 0.229774402576956 0.226869555020837 0.223187847420839 0.264007776254883 0.265043589646721 0.254195809791649 0.26046933590073 0.25620582617229 0.236996218602559 0.228584885247793 0.140980028800061 0.123893838683599 0.0531201037639356 -0.0123672645715889 -0.0105287135385595 -0.101864887042734 -0.267027480327508 -0.446437015151566 -0.606691018104971 -0.538074929238089 -0.158071559119967 -0.00531898893793134 0.132940642893001 0.178683587325798 0.19500045210234 0.185676526161809 0.236473613201307 0.220553312371214 0.222015555882718 0.213614042261397 0.190921434951497
0.179399350108337 0.183040858659977 0.206604087619495 0.226726287774992 0.185534004520359 0.208193095712651 0.159171281231695 0.215608301582239 0.166596306834728 0.211472582718844 0.200220297240481 0.201879883696909 0.231288436758053 0.222097958329922 0.225261759234001 0.350634779769421 0.263487584529478 0.263955985585291 0.263384003190294 0.257981098730831 0.196291975870629 0.190368879685762 0.128733832524637 0.0892703491747976 0.074312146570576 0.0280740717114442 0.0639031364132755 -0.0424568031990943 -0.0969516911774254 -0.108027297108672 -0.175022016694543 -0.186274302172906 -0.17236797082439 -0.072487251268224 0.171417070534236 0.297322423032959 0.300818892450964 0.260461091067343 0.278564716207323 0.259635986481926 0.229546447854421 0.215855430846266 0.222089271048685 0.199448454408377
0.166746431521507 0.180269971757955 0.186274724785631 0.206552296949903 0.135118239861685 0.188850040630519 0.136768006584668 0.199429047404186 0.143145114032932 0.186361803460621 0.225483311704785 0.211274388000712 0.212933974457139 0.206281238839013 0.270342912766999 0.271950708553835 0.260738108982134 0.256175959999073 0.262244608459271 0.191169949255501 0.140123728601489 0.129209768284409 0.119449592490768 0.150698233657555 0.114274410291142 0.111046713954541 0.0290184085270293 -0.00476265743391911 0.0219916149418964 0.000353095575818008 0.00242387058628557 -0.0024239611152566 0.0584601390742691 0.0301634350753843 0.365848703395038 0.575988052575384 0.430692252226201 0.305996872821772 0.298252544566311 0.266399838143195 0.236362090185281 0.224382450303146 0.159127305945059 0.149066205867311
0.142516093646346 0.165905676045105 0.170458005294722 0.187519985885323 0.103110161429793 0.114986219972744 0.120275723359578 0.182418857483177 0.12805346391631 0.182470648152769 0.194562837334323 0.19965728280572 0.194057035401334 0.254437001729322 0.247424016453539 0.250119416301805 0.253374693782137 0.250418055556426 0.136868451121156 0.13951206029983 0.191169949255501 0.154588468850827 0.164856731606943 0.147422396595753 0.143834450601494 0.0423085698562851 0.11632462572014 0.110413634298204 0.0788435776072108 0.100370808772439 0.101315145588024 0.111553542170923 0.224521961435785 0.0741950023821622 0.320874677329278 0.409848119499113 0.375440143670881 0.294495453728895 0.246399597695203 0.216569012415657 0.188242641583763 0.163287234334316 0.153070762247792 0.142957871500451
0.122435864426997 0.141105640804434 0.145295435366906 0.16215025327914 0.0873452326084752 0.0850520533540143 0.15201857483812 0.158084938268833 0.099364558397272 0.164318778471251 0.183983830560656 0.182854255563078 0.18036601839318 0.237478602477905 0.24359675657821 0.249404166660963 0.187769119499838 0.185796503996373 0.194925372021467 0.19554686005657 0.18983092655007 0.168249619685765 0.101842975833726 0.11034807079423 0.0921863813792681 0.149456622502255 0.143802299398792 0.167925919132073 0.14860427540462 0.140824249818402 0.143531754429598 0.153977313690865 0.165111393222453 0.144654856481578 0.108488318391674 0.268598846466558 0.264357261234493 0.259375365062515 0.225863072182971 0.195825324225058 0.183845684342922 0.158942067763067 0.147066009220115 0.110289470900004
0.122435864426997 0.124862491193858 0.138398136193237 0.137194846029693 0.120851251882629 0.00313943402861718 0.12353683199745 0.0730603087089486 0.110302963055388 0.136251360987317 0.174337055839643 0.1647961474873 0.171185359698494 0.222749487048426 0.212867455363618 0.170667453002575 0.175490840363082 0.186535963163076 0.191359350523583 0.186055457344333 0.159029275084418 0.1640080344537 0.11368916820346 0.173913762522672 0.172150594727061 0.170232054922674 0.188390607534941 0.183204685487291 0.161446595259531 0.168301923497053 0.142634403409459 0.154843130466337 0.166844694844847 0.174159969319644 0.13846486527191 0.0461232931657778 0.185519999223279 0.195673089018977 0.165738922400247 0.152047905392093 0.139964684170774 0.12974821208425 0.11792394421089 0.107914634802734
0.112727479302947 0.109916393352567 0.12355561969113 0.119240319293098 0.0976590124287924 -0.00702524738831488 0.0987885874263702 0.0510097490156206 0.123897081655108 0.149419049467371 0.0973986258245567 0.100939351208195 0.157442552020748 0.153916216429525 0.104438105655687 0.164351955957347 0.173633910961731 0.17829735625449 0.183475743598181 0.155981160282453 0.158262234773983 0.104727776950073 0.164589836582141 0.180832986192717 0.207444843095896 0.198784376126616 0.206677802785462 0.173116856039021 0.164282742508982 0.154221642431234 0.142948797371402 0.101485969147577 0.111776156400068 0.107534571168003 0.117824758420494 0.113686754527613 0.025979681655603 0.0251608506755769 0.0969056517813466 0.083266425442784 0.0711314135518729 0.0591517736697377 0.061859278280934 0.0520053408815535
0.0587451800046924 0.0684102292776882 0.078782073372988 0.101596536574055 0.0666251369857019 -0.0444385153091554 0.0210755823968908 0.0234602382276052 0.0404284572124674 0.0770594432572479 0.136983113292353 0.146331248758745 0.142350901904126 0.149571049858277 0.158916900295183 0.165399874112116 0.171569818882013 0.140018888516213 0.148418117108048 0.152930760451002 0.11226848865522 0.1738937160829 0.159499041055137 0.201802624755364 0.184588408958682 0.190511505143549 0.198663885150355 0.195137549559133 0.126803911084168 0.115603416275397 0.118569874234553 0.107056350378745 0.148800056446905 0.162065156477091 0.147007022478077 0.158664326721427 0.158156239758953 0.086055586896789 0.00312011071569342 0.118879872647709 0.121139535784561 0.107896360250751 0.0957613483598399 0.112915318668391
-0.0784954442551403 -0.0864924522531703 0.0479553606082651 0.0403208872973786 0.0464908320672751 -0.0767694425215298 -0.073450269608675 0.000267998773769015 0.0656883348740758 0.0864044419209442 0.109502067995832 0.128452722217603 0.132768022615635 0.143721668839376 0.143618087500193 0.11399780170171 0.124628599144969 0.134428460845272 0.089500394291564 0.0906938647216641 0.166954445973084 0.168406869751143 0.184546438022535 0.180916521092128 0.192025539324646 0.157700689070466 0.165438743720536 0.173176798370607 0.205263909984309 0.194218787184315 0.182342728641363 0.117760862987972 0.162479481833826 0.177507749659623 0.177952454331272 0.17723720469043 0.149806516807224 0.137775086255497 -0.00149611396644526 0.130007165432209 0.116264357754463 0.145480137929655 0.146476265414832 0.134237672184737
0.0683584386080963 0.000395789638813658 -0.166912961893846 -0.175896277643609 -0.199566737886703 -0.122855282174581 -0.111746263942064 -0.0989678395196747 -0.0192206085836939 0.0494297088826999 0.0662028699521247 0.0741480872805629 0.0983882448891681 0.0948619092979456 0.111156849578113 0.115977951909133 0.0626506567635902 0.0698069092852191 0.0790370736200107 0.0982863670964034 0.103057963787318 0.106169974021805 0.120649955836769 0.131551811390918 0.142660829623435 0.223443873951255 0.247839403568636 0.285107119214145 0.244097450480507 0.244614505403217 0.193254403928957 0.116007514925805 0.164045306684515 0.153569881250031 0.184548829220834 0.170702440203904 0.173254572806325 0.132899908225398 0.124239441256118 -0.0151871309745998 0.113048766180792 0.114044893665969 0.14523100431514 0.135221694906984
-0.00110842480883795 -0.0155366159542099 -0.0847445260231848 -0.0661449186836608 -0.16249783391736 -0.348902791947122 -0.140722320910827 -0.0887553560090554 -0.109313189059628 -0.0206885087425543 0.000336057292379956 0.00988907040765352 0.0211534606489465 0.0340256466770749 0.0487127911704065 0.0526534521183644 0.109558873524722 0.1276169816005 0.131454061209274 0.139700202821819 0.14317474774345 0.162372250550251 0.167454591258717 0.187233896193959 0.200004785912389 0.227095715378036 0.285570098437777 0.321385390305227 0.282451918414237 0.239751432136049 0.185538273775262 0.174064435826116 0.100045243159565 0.148341988266234 0.141185735744605 0.178803029541118 0.170090771902246 0.159718927806946 0.108495923789479 0.0542980069943178 -0.0286709853043867 0.114148475005153 0.0885327455871503 0.10503171174299
0.0138376730324532 -0.0735319264514838 -0.0307957428425384 -0.0702950273394721 -0.140517443261945 -0.333135785728995 -0.307433384608885 -0.124292055061656 -0.0634430707198205 -0.0170884579853648 -0.00727649152213161 0.0737137154840552 0.0866894828513676 0.085133477734124 0.0854777378692844 0.016665878605062 0.10339874848827 0.119745479438029 0.153410007523654 0.153254635514878 0.174424753825143 0.176654037647082 0.181373843668404 0.199648934155995 0.213766381283815 0.228246363098779 0.243865739644766 0.252173491660347 0.242976843443164 0.215636780363003 0.2022565073724 0.157845495741401 0.153749462784667 0.0866793599613778 0.138761394007229 0.132485582868663 0.130254014017239 0.125482417326324 0.130628653467313 0.123783144963235 0.0550534556835183 -0.0269497884449227 -0.0373734232098144 0.0211001080767172
