sesion_7_reto_final/modelo_presente.asc
NCOLS 708 
NROWS 329 
XLLCORNER -7.525 
YLLCORNER 35.991667 
CELLSIZE 0.008333 
NODATA_value -9999 
[rows 190 to 208 of 329, columns 516 to 558 of 708]
-0.00795803731261384 0.0916270480140581 0.0423934968000958 0.0278763310883809 0.023876353987846 0.0185996862946923 0.0264007044794467 0.0350842244999628 0.0219631610846674 0.0190987440862018 0.0159992848686077 0.020028218554324 0.0383572512074913 0.0290444190663613 0.0956802933131933 0.00858524848269372 0.00565578546430418 -0.00509644536600454 -0.0101777959420592 -0.0715550520790578 -0.0170557401738029 -0.139930551739134 -0.0742616560073578 0.00305181274748983 -0.0168215855422076 0.0362117306287963 -0.00928812068442218 0.00311685876741387 0.00931211773107184 -0.00604046250327489 0.0606749528241426 0.00807433172523223 -0.0158053056950986 0.0264083335132494 -0.00430092527083134 0.0251772988534988 0.0169458401878885 0.000656659672031242 -0.0208143627208984 0.00705079027544721 0.0202586899101455 0.0261139802796375 0.02385722368732
0.148274676186249 0.108176777760438 0.0425273056518591 0.0361801238765601 0.034903490624326 0.048313873761826 0.116888163917032 0.0816234122550491 0.0378329130704015 0.0370155145949486 0.0396050495914862 0.0338473569220726 0.0423897632201099 0.0371673968342754 0.0415363158822285 0.0571135583585004 0.0156268289708447 0.00586556410592325 0.00611873705300044 0.00518922201256417 0.00542157349232394 -0.111351957910211 -0.0746522258649985 0.00409345138908191 0.0237316689746376 0.0157136246179336 0.0175906707459848 0.0185742842321697 0.0374024558214748 0.0219197262068952 -0.0151470705254447 -0.0104526611759164 2.46638482210692e-05 0.0453956181041413 0.0529615367293822 0.0779659895391776 0.0219115434805445 0.0183347355262914 -0.0152158165892132 0.0419114387151169 0.0524791950536303 0.0551410236004226 0.0153988243843036
0.168404890126483 0.134475937210031 0.0986360935901255 0.0577461176067567 0.0496050902555223 0.0568780940635856 0.119727243229533 0.0949688375534259 0.118081742138336 0.0883395024416248 0.0545272942938486 0.0454567519021779 0.130457765004991 0.0601909032135286 0.0195508768538378 0.0453518828675254 0.0341981919457856 0.00696505857749338 0.0126974065247692 0.028780508442852 0.0317939952243333 -0.0382473335057411 -0.0954894366867373 0.00457899962016227 -0.0060105063455158 0.0216051093710397 0.0208203437203693 0.02972440386318 0.068234640259701 0.0244766927552078 -0.00577272308280606 -0.0542806573713249 -0.0658141399019592 -0.0369607284476659 0.0158835326363373 0.000176529319477195 0.0174088799573856 -0.0436803731569006 -0.046689482204747 -0.027203163626589 0.109799529651893 0.0370949912989765 0.0477712691075
0.183319822921957 0.171887671671387 0.101413721977675 0.0491675071932071 0.0628564318041654 0.0811094302909194 0.14109791984263 0.144930219711755 0.121631936279446 0.125231827328426 0.107015815595846 0.120180297120843 0.134544578324928 0.146989421363807 0.101359356293798 0.121369230370384 0.0850086437083617 0.0440825209498655 0.041547246688333 0.0350119379858808 0.0542921373939503 0.0474033673049736 -0.0708167935490005 -0.0985382232281267 0.0396638406174843 0.0420390401814411 0.0772243081032234 0.0494893044871106 0.0855474433699716 0.0785420740335053 0.0490485484056086 -0.0443457606399116 -0.0682616497842414 -0.0457346559783145 0.0382261974716545 0.0431231141282278 0.030696425621541 -0.00964384369835687 -0.0576938766776573 -0.0311958455883064 0.0764502563247417 0.034038973995327 0.116371008933716
0.216596380623067 0.192422876421468 0.166776047810659 0.14841082781005 0.159738086221724 0.170367293485189 0.163390823393519 0.187449942366552 0.180524121146844 0.17925471865687 0.160444661027443 0.154572201625991 0.172346906448168 0.155530534766596 0.152792753198018 0.143136397940063 0.0978874817507552 0.0875692221197179 0.0427588171525723 0.0696592532612725 0.0740497834513774 0.0754819346102253 0.0473021577418515 -0.0621513231118047 0.0380942352076881 0.0645055112222643 0.0802704109414166 0.0832748582494298 0.0633554322552901 0.0985506384467722 0.070755517373271 0.0042910133655205 0.0284247280885326 0.0171408472142458 0.0498609371738976 0.0325409033013671 0.0362841291279226 -0.0442770621846299 -0.0451595472523209 -0.0197744796226552 0.0457822183995098 0.0490407835825183 0.0519232333962334
0.238111668140918 0.220245563272203 0.204267330388773 0.202401126886025 0.200014139768847 0.216997776337941 0.217757278411102 0.205464398756178 0.212111702306671 0.213373938410943 0.197142532580435 0.204968912255398 0.220719252537331 0.206516775074202 0.194466266313366 0.186874962393674 0.184878568938379 0.152515633372924 0.160530123206969 0.109159105387547 0.111922231678263 0.125914873159388 0.0839123054879077 -0.0600211208047469 -0.0690482283186455 0.085308326639699 0.124750299131752 0.115050549568339 0.113137332860917 0.143419786831429 0.129597100977194 0.137951454456534 0.141636783880797 0.131271511045086 0.119126935302587 0.103991364472119 0.0672460338344229 0.0377388936972253 0.0841659410830851 0.125676641153002 0.0531709744398435 0.0716519466727225 0.101366539447571
0.254947000797587 0.252216426187026 0.257804082084921 0.245496869658592 0.246205641715163 0.250581710380748 0.246523877450235 0.24316040266026 0.235384648053016 0.228444365308787 0.222892832381777 0.227435302151593 0.239655871488191 0.233380983263147 0.225844004455017 0.226216524729337 0.206697573326396 0.225601674133243 0.21677350263566 0.152829770792608 0.134681600768193 0.134739432793927 0.0737505492637166 0.00792163617474922 -0.0682308298431924 0.0807261149997821 0.129205956486409 0.130804484945246 0.131744825842915 0.1625046691224 0.114479093277704 0.0751564275405794 0.073355351202384 0.0976545221017096 0.0904321265932935 0.152830216672638 0.15009243510406 0.166352756947435 0.150877281899359 0.1654269181466 0.156334747844707 0.151434171716603 0.158175599589144
0.25798500909023 0.275648582847656 0.267536454741219 0.280371850869667 0.262346599463224 0.264447878721242 0.261822213717648 0.253720928236514 0.25996324097716 0.236310527426165 0.231485985464474 0.243326779960249 0.256111469876351 0.265702779114382 0.224017583394684 0.210929071659543 0.21133772194092 0.234288748676418 0.240910771881331 0.17385324804928 0.160855062679643 0.123397696089662 0.0580471816141435 -0.0211658893388254 -0.0838799367577604 0.0387995171181578 0.0902630823581797 0.132833470653009 0.104490863971133 0.120460961736699 0.0807080010399043 0.113312314963043 0.0988602764158798 0.104104392428879 0.0885668918227076 0.118309009802476 0.135061223051658 0.115520603166181 0.117196005770477 0.118291840770517 0.120823479364762 0.145813430077723 0.124258383921702
0.125125644457929 0.264393617986237 0.280248908447451 0.263399056925877 0.251279785333201 0.242368430051573 0.252625174381102 0.243395502219774 0.239959710075301 0.218093611337981 0.216885676541028 0.20121215306417 0.235652258720369 0.236603442243342 0.20702899445881 0.190327446849661 0.173401625538231 0.201528069831447 0.204652792626551 0.16710460618255 0.125925780161249 0.1343090734577 0.0885741225849676 0.0378555811255157 -0.0470961403771416 -0.0372164969171385 0.0341520971690606 0.0675796662900348 0.0771456308059279 0.0703680323540164 0.0698689745625068 0.0776198947042007 0.0647759105416859 0.0831881437469692 0.13154278118397 0.112804571224768 0.123177051018496 0.110952869818855 0.0899809863620625 0.145362759530765 0.141847402501463 0.16997299977946 0.141644854622104
0.254567290333321 0.271728130059636 0.257594391624103 0.259077225191054 0.234589080349355 0.235080947950919 0.255876532606094 0.243312301667658 0.237652328415265 0.053437838868324 0.0724170051094227 0.20873380656449 0.227254480095155 0.211214779518703 0.0587953643415553 0.0948382017208496 -0.016662257083505 0.0988562522089481 0.192396076514825 0.186895192459776 0.1394771958766 0.0937857442581972 0.0841726853930015 0.0331864926938818 -0.10266107837432 -0.0324136472422282 0.015067174305776 0.0193203649257023 0.0666321352024198 0.0638834298639104 0.0469612847920814 0.0323284647607952 0.0518429167131589 0.0573039777534798 0.0920501836241987 0.0679087278823397 0.098164503663151 0.107871565133452 0.138150342864363 0.147564408372858 0.15842649414074 0.152545899621424 0.129026501433676
0.251966888907236 0.258686590956855 0.239272565928952 0.231207508367573 0.225402883638114 0.240350384881813 0.230589062676507 0.253109730075777 0.253623306732192 0.221250943153624 0.0482420862956326 0.191698163851628 0.19266736342178 0.0614210055409062 0.0509075099373979 0.130158588157715 -0.0534062542536386 0.0811384106803443 0.101178112161575 0.163142085520461 0.122645417742589 0.108656411928751 0.0686320999484438 0.0253528584524156 -0.043328579132924 -0.225651601599608 0.0208854303126075 -0.00109095247424446 0.0281810475311256 0.0557279242200852 0.085622062924194 0.0383718009128122 0.0472389316418337 -0.0406965541865323 0.0691809190243815 0.0732070402537867 0.10415861259157 0.0591673855679869 0.0978874173741977 0.0925239540339552 0.143818978259277 0.135536935098263 0.142354234847961
0.0928978274075561 0.244162211250951 0.206937253481115 0.172285050215502 0.163767883690731 0.0571823981624423 0.187785829413402 0.236457433494469 0.22028388349394 0.210056071945349 0.0511823919393259 0.00974269252441529 0.187925933831405 0.0556741722648669 -0.00426816786545936 -0.051106143928177 0.0118841595325628 0.128569974164335 0.134440630413951 0.0981002976222736 0.100559561521636 0.101010847274053 0.0742812879159179 0.0295155533814084 -0.0392201449389363 -0.246500525866113 -0.0513837628011604 -0.0272861710490324 0.0421836678542646 0.0563355034816051 0.0554602659442448 0.0312940568814632 0.0112218442923925 -0.0369027032922588 -0.0242554340909632 0.0660606145352266 0.0640316693997777 0.0500064524342545 0.0784684232114445 0.115011158361295 0.121291056293503 0.124661738041495 0.128158981110919
0.0958381092470061 0.181529078952479 0.210985610790029 0.155688347836761 0.0480373579334916 -0.00996069279800678 0.036192336369215 0.187905152936402 0.139181525943496 0.0636488390841837 -0.0320067665765452 0.0142128043674197 0.136793651238784 0.00666120174551314 0.146084791093134 0.076809267038633 -0.0354253729209881 0.138182968652973 0.13752106427989 0.128997561616565 0.0935686299054466 0.100471942663571 0.0923056111625134 0.0403247524541618 -8.65175207420722e-05 -0.0996602093932094 8.62673305304547e-05 -0.0557417580791816 0.0281801193712781 0.052064256242186 0.058798396012082 0.0390516737245868 -0.0137247526874248 0.0318583159459803 0.00103827406447912 0.0570515804088917 0.0634349089593181 0.0482993787011646 0.105528434969832 0.0917056609347962 0.118625585043251 0.144542302716895 0.131325781511989
0.0899538146838457 0.182722568992981 0.1496183096908 0.137641363571224 0.0363881805109718 0.133607477518729 0.0566795759505308 0.129156262274264 0.0164369854753394 -0.00311086517239788 0.0427809538425816 0.00939536441487439 0.15116606052456 0.0126937358445406 0.147014265561256 0.0314947301962564 -0.032488743516896 0.137112413998513 0.134903963506119 0.119898096175855 0.0870442211686828 0.081163586077053 0.0748842627779892 0.0586746065746467 -0.0494046027543831 -0.105233532519699 -0.059155841168804 -0.156425868193151 0.0127949874567769 0.00751558845194033 0.0432758433827739 0.0412831023628372 0.0171132576327685 -0.0222229008967141 0.00378687445411695 0.0530407368788097 0.0677422721334485 0.05523965440922 0.0727829932518695 0.107362032147766 0.0723358939956409 0.126276918239531 0.0522725823950254
0.0674932409377198 0.15960146491365 0.137361553006761 0.0964041476591155 0.0692926400135475 0.0545905706980784 -0.0772996349363851 0.0681456053126453 0.0483880403998463 0.160287738240536 -0.023700743001372 0.00348574893381968 0.164019530040573 0.151426440429654 0.128298146160377 0.0981074737398741 0.108750295512639 0.0908986927407589 0.0944827482253427 0.0121493630513207 0.0225579896201764 0.0154657672962365 0.0894483535135777 -0.0508765769279596 0.023348299038841 -0.0507907262087889 -0.216318957295636 -0.16620881830868 -0.0517924942271657 0.0299955858212633 0.0161158841160971 0.0311203774064846 -0.142746977068866 -0.0209209705308292 -0.0479290643262497 0.0580967595007974 0.108909360905739 0.0961499345671467 0.0681003238470762 0.0623463241853345 0.0527622457095636 0.124303114390448 0.0293065838784198
0.0426588010951998 0.141017902041599 0.0028674487639385 -0.0132252028841993 0.0807790043906358 0.111988144177202 -0.0733864772871824 0.0423093330751909 0.0474006624932593 -0.0786955819797209 0.00200658457029731 0.163751871764732 0.164688576995114 0.151856792729709 0.135755617424063 0.133484358734911 0.0739122199111102 0.0896581418870948 0.0824936665852144 0.00244956587942094 -0.0166597903142246 -0.0178930460290712 0.0587187764825938 -0.0511297974835235 -0.134879457679682 -0.137695487433597 -0.186891470224068 -0.213223181353816 -0.0525520201045698 -0.00177917733779882 -0.0506524249426213 -0.0273405675733251 -0.145441364331985 -0.0696134031153866 -0.12204907829457 0.0674890683459553 0.0667042621229708 0.120081077606556 0.108717672419755 0.0727621577122068 0.082042414368939 0.0826788761071848 0.0299177344306691
0.0418305767625139 0.142211351509788 -0.047794739658527 -0.0221907783285185 0.110279777548863 0.124378621532204 -0.0509815453521111 0.0695632879108006 0.0420805934584749 -0.0371351611976903 0.00402821779885798 0.161422757245602 0.154189495307639 0.146301600331168 0.12376283574009 0.0876952044675588 0.0705668352767695 0.0557856707607445 -0.0393712656481195 -0.0400485120970826 -0.0207032093287043 -0.0299400478757352 -0.00642568319939395 -0.142363678545799 -0.138287691083094 -0.14899884657574 -0.153471155669597 -0.203375151682221 -0.127840226999742 -0.0304834449006208 -0.0519001659862314 -0.0227945097447083 -0.145524588688344 -0.0747381956053861 -0.0191561123804912 0.0162360573500416 0.0877819119338467 0.0922448168188345 0.126037658683798 0.121932771976297 0.0979808410057115 0.111241992070939 0.143021230876335
0.187029851022484 0.151686884711305 -0.00978358485775892 -0.0887859490092613 0.146761045005692 0.139279028426601 0.0301220980574089 0.158800727909295 -0.11426064854657 -0.0491017987527929 -0.0281986543235968 0.0210588605364538 0.113629954956452 0.0998867696104887 0.0815975193997358 0.0737277383831422 -0.0888905652935568 -0.0439051949923567 -0.124779636137061 -0.118774725155652 -0.110810941533953 -0.121875534608879 -0.139962277512587 -0.146139463088682 -0.0459481081638094 -0.168978413831511 -0.174012710630577 -0.0856360228406799 -0.0379192379498722 0.0253047742624334 0.036328251427383 0.0226031394689832 0.0333590227346498 -0.0751830570384479 -0.000924765608203129 0.0103048139587644 0.0271727794402165 0.0901688752467819 0.0962484225504838 0.0777349797820784 0.0667955837206054 0.0875757857275854 0.100413872595403
0.153007799856531 0.161317912015193 -0.00688306165648012 -0.0732417349335893 0.135661591014714 0.142957143856675 0.00820625480373147 0.127850529611388 -0.0249581051877672 0.0562070535232616 -0.0266218181515404 0.00221986308991581 -0.013049516592315 0.0374548279195689 -0.0953150097539604 -0.104924416183798 -0.106305959042999 -0.145943248652151 -0.128327592455004 -0.127195610679837 -0.0255250913914418 -0.134153983579699 0.00883690456443369 0.00251866260624538 -0.117397705551271 -0.0842712269376528 -0.181959818708833 -0.00938590178227497 -0.0215079452589473 0.0454303767670465 0.0539185796704636 0.0732602873438689 0.0285778345061034 0.047405982291165 -0.0259798672899599 -0.0709290670117893 -0.06286399268234 -0.0544625854260118 0.0305434373839647 0.0325651111848395 -0.0870908532633402 0.0742774547785112 0.016073301644995
