sesion_7_reto_final/modelo_presente.asc
NCOLS 708 
NROWS 329 
XLLCORNER -7.525 
YLLCORNER 35.991667 
CELLSIZE 0.008333 
NODATA_value -9999 
[rows 266 to 284 of 329, columns 215 to 257 of 708]
0.377546573039465 0.444517406173299 0.383817785024908 0.453421530692667 0.429860152811652 0.438811307303765 0.389297928757268 0.412075428575147 0.392938530408511 0.415860681703456 0.489887549813789 0.512813336776021 0.567506591758498 0.601264150631625 0.633491838928883 0.6565767486246 0.676989003916292 0.669759337073302 0.691699143973068 0.712248803211496 0.722411504363605 0.691595155489776 0.699783189009512 0.685593832567167 0.632116664267577 0.64239148198467 0.694581110030165 0.721293540928654 0.762599455296045 0.776013497905075 0.763565043003153 0.832000619548303 0.809317146139774 0.77741851943482 0.744991854548933 0.699661135651629 0.646619724935075 0.601321557717926 0.361586459675285 0.360348623365233 0.499775750467442 0.464210772081393 0.408028357125309
0.349406538041191 0.438517383182112 0.40159707044229 0.436069849495586 0.431961391497355 0.384075497994876 0.391865714126641 0.453053574245481 0.453073909260455 0.474390301334304 0.474147994816774 0.51921019869112 0.541354774525341 0.568689222405627 0.641439392887167 0.620971124012847 0.617115750780892 0.637661838728591 0.639431737426509 0.641967011688041 0.664737216367102 0.676726314775301 0.663218228988852 0.630870676071591 0.636906845837905 0.586145750052042 0.595491093301012 0.66432085860302 0.695533657861116 0.71953987337095 0.721344585376433 0.705402523072373 0.74888700318713 0.724731579409267 0.6922036405837 0.667248972862576 0.621346797674636 0.521113868364212 0.457194617460008 0.325950909746189 0.319140800186437 0.404157689425961 0.432478563248742
0.414283315643095 0.427158477445887 0.45917554712248 0.381659571060587 0.37978979626711 0.384502262236131 0.458449565461635 0.465444132745111 0.492401520328186 0.501754118143659 0.513244141992278 0.518918617341505 0.530220595407599 0.57986283043908 0.577092456618034 0.614974366394173 0.633495056692909 0.64837747134437 0.635918231157529 0.641339526523506 0.591999715466944 0.598068396341099 0.616628909654563 0.6141659695156 0.606260946079483 0.602984283704667 0.559507034352171 0.577774599312316 0.646275238645462 0.670852951018246 0.669243539361791 0.643362968463275 0.689787794794039 0.659220062076325 0.642627002401044 0.607809755303005 0.520828143736981 0.482426841154358 0.427541904722069 0.357753725134828 0.384266275089084 0.449443262646983 0.429512953455226
0.268317308547704 0.341262779378274 0.426196468065682 0.43324527227992 0.328992513133805 0.452684642029961 0.444492949038694 0.48434005786178 0.49857870590428 0.499316522726833 0.497255066483544 0.501421420884068 0.50406519984754 0.511605854895271 0.571551830692884 0.593535015130037 0.605505999578358 0.601086512803072 0.591473511278261 0.604482556041272 0.600044931501865 0.620598202603337 0.561612878914123 0.574205944720798 0.590509684673874 0.571465431840538 0.517962942623053 0.521745869747395 0.593747428389566 0.593577455994604 0.629015775146522 0.61236126454629 0.590509667905804 0.62929616034413 0.584055808384644 0.510593125230373 0.480484708434069 0.464047183433473 0.329819809306643 0.301959625445148 0.254248656704409 0.308875920739044 0.340459923571969
0.358006857509591 0.368108067164436 0.433784153086158 0.386278010620259 0.341668779492596 0.462004681129108 0.398475537434444 0.394056050659158 0.498444897052517 0.499421408529557 0.489265938139707 0.491681865073997 0.484361855097432 0.4908211128654 0.547707395119763 0.572569417507587 0.582077526193502 0.570442850867816 0.576178834482379 0.581285505976328 0.575799035837312 0.594656164011799 0.525844472097355 0.55305593698311 0.555432017098428 0.529686176175349 0.532814591978125 0.480736999352985 0.488632060715159 0.554680690715445 0.548836161826628 0.594701285883837 0.549030557820053 0.528965575993242 0.496676372394476 0.474926009121355 0.455302188683762 0.404941608061412 0.297471375838022 0.223392525388165 0.191983058777336 0.262078631474345 0.25290416497594
0.364075538383746 0.37588382177168 0.388708375274825 0.389836721382705 0.401847552649998 0.350435459492914 0.409286974330364 0.385255437902636 0.385005900622846 0.390535724495006 0.50373602627019 0.492651121984533 0.419628347896545 0.503381667564235 0.545143221613433 0.56885155317124 0.570522415752645 0.577574855634171 0.556088467361117 0.565488111917406 0.557206028184078 0.571585708804429 0.577314421084417 0.530437526362575 0.53993840428623 0.546003513869656 0.51200452903036 0.464628576517008 0.464769632899102 0.4572289610833 0.493556996065168 0.519874228902325 0.544318091851032 0.506177192977746 0.485410564907753 0.453649399489921 0.411845720226269 0.395046517576656 0.238590921183461 0.240424549201811 0.300507041358627 0.263102108547572 0.212876281704903
0.14225353461025 0.244156422146476 0.401438821223993 0.416321259679698 0.417876410601147 0.47633373668174 0.423388201658057 0.341492480690979 0.319511557881236 0.411085383733434 0.517522629725855 0.507978374264813 0.487135759636893 0.50458598346197 0.535602578015435 0.567296419017862 0.579180631623338 0.561900403997465 0.569987187381765 0.553401351432572 0.552395923942664 0.558399542028824 0.556204212557215 0.526929440667848 0.53203613596604 0.538412193181892 0.50369348871185 0.504409613247623 0.487885292599938 0.423265218663527 0.439742549910781 0.496622975442761 0.482134790120471 0.491851749288157 0.439715437049749 0.42562505234736 0.414236302438421 0.246601734777905 0.29263592687447 0.390829514304172 0.399426221909528 0.40795420725536 0.42073174755383
0.377891017279964 0.341936349587636 0.468829187836822 0.48729568177711 0.482250477976183 0.499118443457635 0.442917955113988 0.417186575715429 0.421143175278577 0.428492148876496 0.532527946227219 0.464752923819517 0.521207982954362 0.557486807480703 0.551421697897278 0.566938353231889 0.570468147981467 0.576337940447793 0.575600147429484 0.564236742242682 0.560171637977595 0.56610653380423 0.571748474241373 0.563517015575763 0.524065064241696 0.529352517219769 0.550462766319285 0.528723245671469 0.478319287511731 0.481635749097032 0.419004861657898 0.38215230244544 0.4641927154619 0.447653892717381 0.362200794455419 0.363066499030795 0.357077359237226 0.349298009535008 0.295344768625937 0.395451548958817 0.432130435732469 0.43279589462821 0.449020069696458
0.31262725787922 0.330352323133911 0.35115875041439 0.416274246475023 0.526140934401018 0.526039660461339 0.536441120644492 0.487611250577057 0.542864231637333 0.546708714635497 0.492109016378096 0.522112095932276 0.560651353290536 0.568965964899775 0.586352395027863 0.585057647815751 0.596135345143392 0.584800839201387 0.585958165698692 0.520830469740948 0.569856949820731 0.572920238458955 0.573365076087773 0.576225816846638 0.593704956684582 0.52779736629832 0.532462819062666 0.521887831961893 0.494585976334076 0.456272349949903 0.433007522553352 0.395930770783241 0.37756918644992 0.372498678499169 0.365652398360046 0.360585485504268 0.361460699237385 0.328539476010565 0.261937551288008 0.301402606874788 0.319899350295507 0.448850073497253 0.452416055594273
0.359853565976412 0.186010165415251 0.311731239446856 0.471548912785907 0.427666608247006 0.436606920113816 0.382050616161873 0.465066142811252 0.49445029995392 0.554285533226426 0.548328992721498 0.481047154614852 0.524405080444349 0.540075913181838 0.547540615207784 0.536546077859945 0.553439306918907 0.548191555238621 0.476550340777904 0.537518929865455 0.543464651549323 0.528242244499452 0.533374243947468 0.528162679614623 0.539732268348071 0.537410384591201 0.537522501156184 0.524578600325796 0.505171806060153 0.4898409586849 0.453212696978966 0.449136750088575 0.447371820525507 0.231758649652656 0.3704552718392 0.35905204363767 0.421169354420389 0.33069859433049 0.328040377646741 0.246075934420138 0.334828778151643 0.449927835109729 0.451895248175599
0.232395168731287 0.320200464607106 0.259548777787064 0.298907590299316 0.287718656958052 0.241825521243581 0.447391702624279 0.518724166703422 0.474274065345416 0.502132011383745 0.49579933170528 0.562075789930505 0.556603845692567 0.612804374608528 0.60941559566873 0.590675124082117 0.635419068417148 0.605455343670224 0.612370362836943 0.602880327538591 0.606873073876866 0.595647089404872 0.598232988734122 0.592858682768576 0.595435936723376 0.589822936103343 0.576828386400994 0.511665900939929 0.462331075786287 0.446949579539073 0.436873650229809 0.430190135527631 0.451925156724871 0.297687908521456 0.293970003612795 0.37169937017935 0.367580028983501 0.364686712740239 0.282523357301563 0.268670333786097 0.330151125490186 0.458155634303809 0.457873521539621
0.424876392899503 0.352007755642079 0.255762174423121 0.37350858163541 0.238369377316063 0.180265164654664 0.247275780230912 0.460943182716187 0.455216708259365 0.478234276771607 0.533635521171993 0.568115530987549 0.559598371498951 0.564162550323618 0.616019521681835 0.63287660396567 0.587481621687104 0.635288895232672 0.60662714846012 0.61361084931405 0.605744663392429 0.599614531593323 0.593491606752234 0.592446356247598 0.589237042092431 0.558224002061625 0.558068507959255 0.588774131076049 0.562871867890752 0.512900547462723 0.504998214765975 0.493113961588185 0.403030159492884 0.394198392900328 0.275565905525375 0.244742309121215 0.246782080113897 0.381724610044338 0.361700274443232 0.26875577216138 0.346188588243471 0.34220894615791 0.356948026031796
0.225458481082032 0.347432734192108 0.277728618940273 0.261946590761476 0.357339571657771 0.258254934930556 0.248480096128648 0.323976676785147 0.264556007856785 0.302392221127742 0.52590318467445 0.563468151610766 0.565366866221354 0.565182456106116 0.622435401912416 0.644467877949724 0.630457081936407 0.63032689198386 0.63119847004969 0.605560229472948 0.611672352261047 0.589278198574722 0.605976167856969 0.60048251456418 0.59694407444015 0.593186370321004 0.562252935747342 0.545862400147177 0.538394079222014 0.572105094574739 0.524339881867066 0.519244029194178 0.511641882649181 0.497396003844421 0.36883230301383 0.2899925993504 0.310335194490822 0.459968457622912 0.312045839514641 0.311322524788922 0.235590885145224 0.227739201320437 0.271905856446692
0.224959382718208 0.342987902694684 0.275837135091946 0.367957048708399 0.354279894882591 0.361484217003444 0.234509082557745 0.333247424284138 0.393722812302563 0.459348249352324 0.39176486782212 0.55587323582803 0.555829817718328 0.570328869470165 0.602042141131963 0.633042940693344 0.628583671475643 0.595253740627061 0.626822360811791 0.608478849866033 0.608214851061723 0.60699243797218 0.599419231244295 0.604247408873272 0.609133442332228 0.606835529257619 0.563703217634138 0.569200466021901 0.55309925014394 0.548824391041477 0.548148089520432 0.544213199012136 0.531392257372034 0.487364397000463 0.3943909549015 0.329901135294194 0.38579420672383 0.470413271539209 0.496379709924967 0.379515747208056 0.458753251491386 0.299762445213215 0.296804042377715
0.329085587579063 0.333620850390863 0.262365219884866 0.359928161726391 0.374835880527676 0.271454699447391 0.276438411751053 0.235905103709537 0.328621753962206 0.264210165772165 0.509469230964584 0.468863588800499 0.561858739954312 0.558994363528161 0.52911110802167 0.628699383135599 0.625715659382205 0.621028497563007 0.625100849358425 0.615310668480636 0.599921924703091 0.590269164540109 0.606468035458533 0.595140736474545 0.607892955855121 0.592994681835019 0.605725232733059 0.597627582919212 0.617095885450191 0.603153787892156 0.561153458043842 0.556549496776761 0.553695979743984 0.502973762044931 0.44006077860968 0.350646071077407 0.410271525708295 0.397457838634697 0.422635858934427 0.503236832689393 0.391895463082382 0.377277064003302 0.298133602897391
0.317946398754157 0.332814335113028 0.505148264489851 0.46602905098769 0.358929964998743 0.291511586728651 0.240555173825689 0.275801892672422 0.312860530482655 0.262710632857528 0.444606891082956 0.439200009633013 0.540661695207706 0.556039596359947 0.549602007074516 0.597621750001072 0.576653461639253 0.611433617034247 0.616232895418427 0.605433651383444 0.602764592074392 0.597386691013873 0.589878587646296 0.592026839536674 0.606203996081909 0.605223872741825 0.617082781197477 0.612901948504363 0.621437181380526 0.615198504307166 0.563558518548585 0.564191401959928 0.562180546980114 0.523172610063889 0.50971151367787 0.408827157884266 0.338053885822093 0.417996631443578 0.418155761213236 0.524592983401413 0.511706962205247 0.400202827161291 0.398032866216062
0.424625951264109 0.491886104120147 0.494128422992188 0.30832348276389 0.353392934168567 0.271327240806527 0.279598458110308 0.258225114562085 0.275040152776095 0.250226047948549 0.263126530669235 0.495425883271112 0.461336490921683 0.525106614702487 0.514853482236002 0.582808074377207 0.585090175691662 0.593636193852743 0.603368559472868 0.600073823710489 0.593860491359267 0.596547624055883 0.598359543019382 0.590435541840098 0.607314309374539 0.591079267876745 0.618493280641859 0.619158675161043 0.631075480018988 0.629230985571091 0.64271013154043 0.600401051310542 0.593059308474883 0.56950423319628 0.569308932847251 0.448083339185032 0.446358192064378 0.355352186835529 0.436976661467966 0.539309020752886 0.543902139394664 0.533493472253495 0.534560391240667
0.44653817561857 0.341424640459614 0.371632028995874 0.390580881379986 0.400146845895879 0.349175954700325 0.46985546059829 0.470741516956711 0.34048251317818 0.342974369330011 0.231434087510928 0.462883506725268 0.477888887603189 0.445372719562773 0.519971043963741 0.508799279654438 0.572710459817336 0.595600035627883 0.598012326894886 0.591209464865464 0.60035953156965 0.592873096684609 0.600330591752539 0.611430038707344 0.607158774699854 0.605675957900974 0.61753847821967 0.627621614486951 0.63007005252908 0.641429862620909 0.650442468037973 0.661299544098691 0.59187663725544 0.586043032136556 0.581873082641059 0.585348633423703 0.460039885913077 0.390941112099595 0.452180930753716 0.559562088934536 0.46905518206951 0.54842290010963 0.534079366264407
0.288209192568854 0.348169646659057 0.479656937017585 0.501394196037992 0.380067369008407 0.513014450411471 0.457978478755074 0.461645734791774 0.464275011658412 0.439972205091799 0.193858277949308 0.247585024101003 0.35781971608267 0.401279755830893 0.488784865554961 0.509132000718273 0.514918592632484 0.527251278534065 0.591097307728167 0.603375790235128 0.597133518066796 0.601010528940871 0.604319742995841 0.612981513389192 0.625585445625414 0.610612616427648 0.620127972643894 0.620735551905414 0.634579946814499 0.647426209372495 0.657107885548344 0.615616163221595 0.620827703750197 0.616918157964038 0.601005011672846 0.606777142062536 0.569808911762436 0.405031472997741 0.46976134453134 0.467396066469013 0.565659709625801 0.553167917758806 0.547923801745807
