sesion_7_reto_final/modelo_futuro2050.asc
NCOLS 708 
NROWS 329 
XLLCORNER -7.525 
YLLCORNER 35.991667 
CELLSIZE 0.008333 
NODATA_value -9999 
[rows 260 to 279 of 329, columns 220 to 263 of 708]
0.959450405190593 0.925762519352317 1.02571994354946 0.959207261171044 0.950131961387234 0.882619100290268 0.893192857389463 0.835135936489152 0.810369242855906 0.92300471528032 0.87330631078179 0.988996684755256 1.11291543893098 1.35103743677978 1.40307606428073 1.43281745801351 1.49583223771765 1.54324728034268 1.57786858863834 1.66656967612375 1.72207235154986 1.6554523752304 1.67267201285926 1.74614680427455 1.74352552656513 1.79633651474483 1.78816221024165 1.7089015865721 1.67003497475862 1.64422544852375 1.66474005189208 1.64424515868448 1.47407176099654 1.38604116208102 1.29972194029152 1.20706826160541 1.10084889723652 1.10733204556363 1.07064064755692 1.05639711546295 1.1187029817891 1.14471442338034 1.16255554904431 1.06747507476505
0.957771858882778 0.944718830221445 0.938890175257818 0.937566801090896 0.970998018610697 0.970684309948158 0.855898751004945 0.884075406475419 0.954089868251306 1.08661405810769 1.03976117579172 1.00315627497693 1.10720966947334 1.25675769108628 1.38352636534583 1.42520296848493 1.56265320692642 1.62449119102236 1.65075524166232 1.64562635995874 1.68729703616033 1.71298436787253 1.74444279537868 1.79960137714344 1.82344411903238 1.81127347246818 1.81861267814232 1.71564419335249 1.66003006325173 1.61606883949305 1.59018120254342 1.51406634807751 1.39925167327043 1.24402403243979 1.11459296366035 1.01711378474196 0.996709447996033 1.03135377541282 1.01168678496183 1.03004336013452 1.06062888096157 1.01110126454762 0.997412532568954 0.990289116549432
0.983517317527419 0.927965308618909 0.889981082233989 0.922336453787399 0.919017280874544 0.9611156459419 0.994492613252441 1.07852973661949 1.13792550571505 1.19244381175102 1.24465049750675 1.21385358825777 1.28108762172472 1.34095823999166 1.47177344156784 1.52690529396208 1.52040209919519 1.53824093982967 1.54673233029716 1.60333699957712 1.55874565845461 1.62490476842222 1.59698637864783 1.74497914310039 1.72494613449166 1.7400676507815 1.70477323025496 1.67910485839415 1.63231638700488 1.60497421340542 1.53409935668624 1.4406094925827 1.3193095589292 1.1385568134836 1.00730867336718 0.817591399865497 0.824753248729491 0.929342078869408 0.887829406373963 0.943183218211865 0.978542448601607 0.973433787847978 0.973796833324342 1.02260166539349
1.00111827753711 0.940829959943078 0.937517469960973 0.965470973230582 0.994034372914061 1.0328585006497 1.05554830978841 1.1871010924747 1.25832552734488 1.32673972803789 1.33263125215065 1.34239828303274 1.31926867791286 1.41443531643643 1.39631113171498 1.4501505023989 1.48077005248526 1.51978358148898 1.6346872780376 1.62748380490535 1.64304614110727 1.62369885459768 1.73134237630149 1.75248759978649 1.81172080315331 1.7889946797258 1.76300345908451 1.73407227503942 1.66448761500107 1.52441238291687 1.4019149275999 1.32051056974716 1.15457418723231 1.00042661575914 0.853423366554849 0.686676952193925 0.86534488185701 0.903323894042425 0.912728452894847 0.928924444552269 0.966531571947446 1.02143822761041 1.03062556923584 1.03664699708542
0.949511499635525 0.866462450224093 1.01548417866394 1.03965010796488 1.01172241159874 1.04809113298268 1.14405610556227 1.23898103900647 1.32365649738824 1.3694182898197 1.36436581528445 1.33676172133957 1.29869812314132 1.40793338276811 1.52744975787081 1.57626086354535 1.57508931761162 1.51006783048725 1.515607152788 1.51380429908573 1.56895637242992 1.61442324389253 1.63431178681431 1.65655443409419 1.72975885269799 1.70218793055529 1.69454888718544 1.65247742364631 1.59755798360491 1.48215517040653 1.38869408588782 1.26412677567496 1.13191670380648 1.02156990891892 0.816216174723991 0.791988801493818 0.862612247605374 0.814469102619691 0.899921248887626 0.899830858899757 0.947543342338315 1.0322307333253 1.05561506604959 1.02197161068713
0.857809690116479 1.00408634091025 1.02901753863383 0.948576469411687 0.995748035069566 1.04691205234499 1.16559561364814 1.24407759734965 1.29938486819243 1.35816896898633 1.39695112578582 1.35391773617853 1.38576976298614 1.45934281772477 1.51188513663941 1.53555474510929 1.52530400894829 1.47319896381768 1.44466679522232 1.43835586823606 1.47981167489763 1.51318178711971 1.5429362000461 1.5486651584301 1.55240322675867 1.6057977889546 1.60104691831896 1.5695056355289 1.52206233214463 1.41738179296576 1.31365016066145 1.21064359773142 1.12112088913118 0.837541665043032 0.93346153223626 0.948016315805575 0.898749765611368 0.798961928705232 0.841072054220103 0.941773507642921 0.93264675013713 0.986590788748621 1.00532115159818 0.98197388445098
0.98480489623115 0.949057488372127 0.975056650690255 0.960817347671268 1.00195538071664 1.08986293333627 1.13370093628887 1.22666061677586 1.29213485406506 1.34064612204387 1.39165139569266 1.42886892608256 1.40495686692891 1.42318108686149 1.46467074827217 1.47939757867216 1.44378692963842 1.42668983320013 1.4197368585973 1.34786461329438 1.34216078455081 1.38733409427556 1.42896177325762 1.45942898432156 1.48372201918814 1.44707647119323 1.5174956131026 1.48296486126862 1.40315162438081 1.33720670100631 1.25394998381119 1.15296097196577 1.07065087661572 0.799639949626607 0.781238774172866 0.927124790310159 0.868140035258458 0.813066247139205 0.863184805799535 0.924457143763332 0.867160408084999 0.866894597296106 0.871769775326204 0.839356511655519
0.930138578380176 0.941679683379715 1.03393993727455 1.04015887454286 1.06637958933177 1.07938293784281 1.13651185008155 1.19249239962903 1.24755739194575 1.3270732506775 1.3603794048096 1.37252839952004 1.38972086297806 1.35451775255396 1.34564258820235 1.36657447921993 1.37264312768013 1.35556567070873 1.30985143751939 1.2998489831997 1.2462276188585 1.25084155851116 1.3190786372092 1.36356165242337 1.37381992328833 1.37038734930285 1.33491683071225 1.3638187300672 1.3144477467606 1.24959042744753 1.20277843183181 1.11942566800146 0.979318284714568 0.887978504777348 0.73106106464917 0.712221526470541 0.797492152842245 0.810829603123492 0.790154205914202 0.82419759684098 0.9015191130883 0.950180677911598 0.876901116569458 0.813879826092282
0.94662857657578 1.01979719403249 1.04493783946393 1.0678513139452 1.09785274761433 1.11879377874985 1.1273241698246 1.16615811729368 1.21276946668798 1.22287321731738 1.28894119502414 1.32525018406165 1.32804391557463 1.30902827933195 1.29009954960655 1.24017833389115 1.23338461605666 1.24771379592182 1.23439513333426 1.22464266440228 1.20904521235267 1.16555746481409 1.2004196867209 1.26814867845646 1.28650914407263 1.27518839310277 1.22079667949074 1.2470739295184 1.18484811462107 1.16690340761792 1.10028520553873 0.983491404455139 0.927570180281213 0.882496908120065 0.769066535914964 0.761323059432712 0.818154765673103 0.800398433654641 0.756067645610175 0.797888777093685 0.90755915647385 0.946588161858368 0.925784061705833 0.938916806495905
1.02421150571073 1.01746043842789 1.06797681978076 1.07884464607561 1.09459975516348 1.09101180916922 1.10060679322064 1.1078073017079 1.12065527821017 1.19581106743656 1.2397629846035 1.24513939450761 1.24011341452771 1.20928104511563 1.20981266198846 1.19929298058835 1.22062304096636 1.13837209647968 1.15553537337998 1.17876958376996 1.15744494522413 1.08544262402668 1.0782110509251 1.1693837007585 1.16361597658241 1.19440391787115 1.16070113713514 1.1095882309138 1.13514566124165 1.04954693876746 0.959758247220624 0.900333698540234 0.900826309121908 0.732016654454476 0.692589485393428 0.621424949343486 0.666644800063358 0.710916088224089 0.657680269654799 0.847393382422871 0.878430629483832 0.93863872113885 0.908573392037205 0.876811247759665
1.02753296365307 0.980594367577025 0.973857010471103 1.08219031354381 1.09654478952321 1.0775003736957 1.08310519115906 1.07070369121623 1.07675337982504 1.15608982349596 1.18679491518469 1.20629562730509 1.17192710256834 1.16959880746619 1.16587969898902 1.13658437484279 1.15676979081531 1.07266191692728 1.11802605882391 1.09613612081383 1.06746245686042 1.07074879895507 0.996922379174474 1.00240237041777 1.0877721802274 1.05138330055097 1.10639108036592 1.03396318317449 0.9887756581675 0.932235230987955 0.89350943491703 0.857060143278664 0.788193869683852 0.672090360758372 0.57626128719447 0.539369062772244 0.602368428753045 0.590786611563451 0.627716236862853 0.806803122246636 0.838843179723523 0.862225227418324 0.875360936853383 0.863087227775598
0.930184537892228 0.992588910393273 0.970220923751644 0.982407726312146 0.990434600483393 1.10283042039522 1.08405181300413 1.0207389048346 1.0975534287442 1.14673078170774 1.17764532110433 1.16347379827743 1.16555456517905 1.12097481803025 1.12898325117571 1.09563615003839 1.1040894543293 1.10928519611039 1.0464003177906 1.0599503525824 1.06934274401442 1.02158269329735 0.962139529080992 0.941334230487356 0.933071414052909 0.966081104459627 0.985465958320198 1.00601145179267 0.937997186663974 0.888709058641284 0.832935671772173 0.766141024961038 0.748832195785407 0.575655788681864 0.577315375138291 0.624587726316648 0.585563116480918 0.538659469778757 0.606910938269217 0.784863678596451 0.824271721332306 0.813292778994319 0.79825748960626 0.808273654102874
1.06820150905424 1.01840511955889 0.935822358331497 0.93296261851422 1.02850150764204 1.14385625080907 1.12358096367428 1.09666047562533 1.11245755564935 1.12948813299412 1.15978346938509 1.17683106018327 1.14327679636758 1.14328136642655 1.09699709724019 1.07755046081888 1.0863708698559 1.06381975790406 1.03589206153792 1.03963012986648 1.04116489010285 0.978560037854186 0.977230155266697 0.944109176659129 0.861938283601274 0.885301371444687 0.936641661294349 0.908689929912529 0.89009301692785 0.820311186102284 0.781997430358608 0.761680172287675 0.566827844940877 0.606878448435001 0.704686820433118 0.717690168944161 0.716381012411947 0.722336259799517 0.719843452570647 0.730596444536586 0.642877266901646 0.69404602874623 0.832453462407011 0.765940952186302
1.10827386253456 1.0519570983451 1.03955188011651 1.04675010357428 1.06965689512481 1.17911046660335 1.11413272230291 1.15758695372388 1.18900307166238 1.15641844077652 1.15451589049463 1.1552760757166 1.16252608984397 1.14301555799013 1.1224957072998 1.0828750800534 1.09030696074489 1.09767266097437 1.06138102637427 1.01388872245521 1.02553408840943 1.04554517252179 0.985764944242711 0.911884795430926 0.904123729696096 0.828793095467845 0.773697890310011 0.854522053800769 0.809106121234542 0.713811629188461 0.702531077266962 0.67706758305504 0.66562023966124 0.602831921118374 0.691190861340401 0.733567647064898 0.732310281202275 0.745939687807393 0.746028879354161 0.762351400778059 0.76239862138868 0.748507296790614 0.741473585459557 0.732226746302863
1.13074543051537 1.1680918383587 1.12145010964949 1.18800230577686 1.2070743027481 1.162044426743 1.19767437661212 1.23718811924284 1.22106294076386 1.22159455195279 1.20135895072467 1.20264161270154 1.1771637286972 1.15988476569478 1.08283133487699 1.10990439911601 1.09528343508469 1.09153554702268 1.07566703686218 1.08799939169801 1.01396877388403 1.00322457536815 0.981212614993095 0.913619530309596 0.846982540536722 0.809678275787246 0.771701411948577 0.735932254103364 0.710937160947255 0.685577248074516 0.67333408478545 0.676184856642492 0.624733278591979 0.55050692324706 0.588766264660145 0.594342815680367 0.724157901195469 0.730276055295774 0.732286071676414 0.758410739830101 0.813383231639656 0.781246275754334 0.661818344241526 0.539845814830257
1.03972603981896 0.997780592904616 1.10241340068364 1.13135812274795 1.20755480856684 1.2099319296936 1.15764044793989 1.20500724602339 1.20288611359961 1.18425830815832 1.15800356411011 1.1684921808959 1.15038753182501 1.06239484457589 1.09775830639309 1.08948795525468 1.05168753614795 1.05748512649726 1.02668033822891 1.04087944219954 1.01702374377446 1.01122843845463 0.96471051203456 0.925789658048198 0.892511022402368 0.830842972265331 0.803719891596981 0.78401201679822 0.545618379355463 0.684021242957273 0.662288961985455 0.717004785476536 0.619066850725586 0.616746090327394 0.521562201182758 0.602371974881099 0.719699333551592 0.718345921053745 0.729381224120295 0.786314226670384 0.780864781215803 0.776304917262227 0.633654880122367 0.55551384524314
0.826115083179474 1.05673851476946 1.13867871523859 1.11589725501343 1.1560942625561 1.14417098340252 1.21854517605226 1.21927024542655 1.27332489497586 1.24717601729631 1.21534945876065 1.2669299142646 1.19282279114985 1.19179383284646 1.1666905882922 1.15318252443655 1.12892689044715 1.11539581550674 1.09769795708862 1.10252379595242 1.08622657064276 1.03956309194736 0.960621500640088 0.871917961651388 0.838493773730228 0.801827499680049 0.787164564712578 0.801488322745557 0.616530131846498 0.595007298582534 0.666283698632491 0.657557051201202 0.653042122828762 0.557599280336167 0.531589785142898 0.596689557492208 0.727008673052511 0.70931081463439 0.70914562289217 0.720499204680231 0.723547319482196 0.682942669513545 0.585013874880538 0.538366557865338
0.75920035236496 0.848673729835277 1.0778447376472 1.07795762557813 1.10807000881659 1.16010025219285 1.21212609766785 1.20552286768983 1.19586627323537 1.24058717711071 1.26664794983188 1.18504818739581 1.23514795836246 1.1752474739223 1.18394762679824 1.14722727704898 1.13484016689857 1.10554416313684 1.0926749417537 1.08929889497059 1.04089788322533 1.0348338048241 1.05663192762642 0.977365377019363 0.916771226450745 0.880987678813115 0.852511185646918 0.735227910784351 0.721191033910954 0.580634034909449 0.544424908925363 0.547159994680291 0.662104810391847 0.636533336939478 0.537990588975326 0.609372855393952 0.599012602919886 0.597317215316364 0.618319005081714 0.709703215494751 0.692118758149259 0.678119282153039 0.641410357551211 0.518296148379434
0.829596311031854 0.832595771966922 0.926612172095107 0.875382485146891 0.918538415944753 1.14267573691511 1.19920965567409 1.19784642344279 1.19524707022975 1.23554452230891 1.25927471489843 1.22852171729968 1.22280578379318 1.21782245436493 1.15180610085394 1.16035545178008 1.11197831092917 1.11005452145031 1.10854802197318 1.09002853440385 1.08596304723583 1.04224901069369 1.00782641025787 0.974495983942447 0.986063244865819 0.926137802942925 0.896211171028154 0.864733104055111 0.838413377985987 0.695215054835294 0.589955675820494 0.615941474629599 0.758374190726135 0.603533119598313 0.588860364897397 0.49209905928084 0.477941926246358 0.507943021283968 0.531016437832994 0.532104041894425 0.609281613632874 0.629622057298751 0.615146645542759 0.428606640270515
0.924996330815092 0.805317319289797 0.915750515589316 0.979129091079163 1.05159227862847 0.996108901685259 1.16683675752556 1.16408499694874 1.1723610047345 1.21570970841831 1.23188811082315 1.2216762087956 1.17590949963727 1.20583070971986 1.16959315081883 1.1525875309568 1.13163896511731 1.11271023539192 1.11492512942144 1.1133006588127 1.10007524468918 1.04822846760712 1.03587190324543 1.00052689049039 0.973144856474085 0.968841660838984 0.944105521030834 0.90248698216672 0.830357896387616 0.71413167979776 0.640216068470393 0.693122183170744 0.777874902846528 0.787890895185434 0.648811616076234 0.7256508626534 0.547542237175694 0.526280642289175 0.506803626552945 0.504799779961358 0.582735085418493 0.517268208323067 0.527448540630984 0.421657550427253
